3 7,7,6,14,19
0 3,6,1,18,15
1 9,4
9 11,10
4 17
7 7,17,11
7 9,11,11
1 8,15,6,7,12
7 10
7 14,3,15,8
8 15,12,6
1 12,1,15,9
1 12,2
2 11,12
3 9,20,11,16
4 19,1
8 14,1,20
3 2,10,4,13,12
3 2,7,11,11,15
0 13
3 19
3 17,20,8,5
7 4,10,4,1
4 9,10,17,19
7 12,12,1,5,9
8 9,6,13,3
2 12,18
5 18
6 18
9 8,20
1 6,6
7 1,20,20,19,12
4 11,3,1,17
0 2
0 15,16,15,15
2 8,9,15
5 12,10,8
5 18
0 17,10,12,7
1 1,9,11
9 10,19
8 6,11,20,11,13
6 5,8,1
3 7,2,5,9,18
2 5,20,12
0 15,7,3
6 4,2,17,16
7 17,12,12
3 14,10,2,1
8 13
7 9
8 14,14,5,8
2 9,2,16,18,12
9 20,14
0 16,11,18,8,7
1 1,5
9 5,1
0 13,1,20,2
6 14
6 19,2
9 9
7 3,12,13,6,19
6 20,4,5,12
8 5,2,5,18
4 5
9 19
9 8,16,3,2
5 19,5,9,11,9
5 16,6,19,16,5
2 11,7
9 7,18,11,19,19
0 10,10
7 15,4,12,4
9 14
2 2,19,2
7 9,20,3,11,19
2 17,15,6,7,2
9 10
2 7,18,19,2,11
5 4
8 11,8,11,9,13
6 14
6 9,20,13
3 6
6 5,10,14,3,17
2 17,9,13,17
3 3,5,7,18
6 3,11
9 17,10,8,14,8
7 8
6 19
4 17,13
4 6
5 12
5 14,19
1 11
0 18,17,17
7 3,10,19
4 1
4 20,5,19,4,14
2 14,12,12
6 15,2,7,14
7 17,14,4,9
8 13,8,7,8,13
5 7,14,10,2
5 6,15,5
6 14,8,4,18,4
8 2,20,3,19,14
7 3,12,13,3,20
9 2
9 14,18,16,10
4 3,5,12,18,1
3 2,9,13,15,13
0 2,16,11,15,13
4 7,17
5 1
8 16,16,5,11,8
4 8,6,14,1
0 9,16,13,7
6 11
6 2,19
8 11
0 12,3,7,2
1 11,9
4 19,10,7,18,2
6 11,9,6,11,18
7 2
1 20
9 10
1 10,13
7 7
1 2,17,8
0 16,16,15,20
8 3,10,9,16
9 14,16
7 7,17,10,11,11
5 10,6
6 1,3,5
2 3,1,6
9 5,1,5,2,13
6 14,16
1 9,6,12,16
2 13,8,14,19,7
1 19
3 1,3
6 16,16,8,18
4 6,8,12,13
6 12,3
1 11,1,2
4 8,16
0 1,15,9,20
2 9
4 10,19,12,16
2 12
6 5,13
3 10
3 7,10,8
7 17,1,7
2 19,14
4 11,16,13,14,10
5 16
6 4,1,19,16
7 10,13,13,8
7 1,11
3 13
2 11,2,2,18,15
7 6,8
5 18,14,5
5 1,18,14,9
4 8
3 14
2 10,19,1,5,18
0 11,11,13,8
1 20,16
6 13,18,3
5 11,20
8 11,2,12,10,8
4 12
4 11,16,20,17,12
1 14
3 10,10
3 12,11
4 12,10,17,2,4
4 6
6 1,16,9,19,2
2 7
6 8,1,13
3 12,7,15
7 12
9 15
3 13,3,11,11
8 12,7
1 16,2,18
6 7,1,12,2
5 12
2 12,18,14,7,20
4 10,20,12,5
0 16,10,20,2
8 2,4,16,15,7
8 11
3 10,4
1 19
6 13,18
6 11
6 7,7,11,12,17
6 10,8,20,12
0 5,8,9,11,16
3 19,17,20,12
5 14
9 19,17
6 9,11
9 13,8,19,8
4 20,18,9
0 1,14
2 1,6
5 17,3,8
1 5,9,13,14
2 20,19
7 19,10,2,3
1 15
8 14,6
8 7
8 3,3
6 17,10,17,11
9 4,18
8 20,15
3 2,14,19,17
1 10,16,6,12
3 11,13,14
1 5,10,15,2,19
5 17,16
8 10,13
1 6,15,16
9 2
1 5
2 10,13
9 20,17,8,2,3
3 18,5,20,19
6 6,4,4,10,13
7 17,18,4,19,8
3 17,17,10,2
3 3,8,4
6 4,18
7 2,9,14
9 18,7,9,20,1
0 14,18,9,19,14
0 15,19,9,18,9
2 18,14,9
5 17,1,14,5,4
4 14,2,11
2 1,2,7,15,8
7 1,18,17,2
6 15
9 7,1,17,6,16
5 19
5 5
9 6
1 19,16
2 20,20,3,10
5 3,12,1
6 13
9 10
7 6,6
4 2,8
1 6,3,15,9,10
7 1,10,20,14
9 18,16,7,5
1 6,7
8 4,9,2,12,13
9 5,7,9,13
6 12,1
9 4,2,3,11,3
8 9
2 10,5,20,17
4 17,16,16,3,1
6 12,11,14
3 8,10,9,11
9 9,12,6,9,19
6 20,9,4
6 15,19,4,2,19
9 4
1 2,6
6 5,4,18
8 15,14,11,16,2
6 1,14,5
5 20,5,2,19
0 16,11,8
7 9,8,18
5 10,16,11
6 16,1,8,20,17
2 3
8 10,12,13,7
9 4,16,6,3,15
5 3
6 18,2,11
5 13,1,8,12
6 13,8,3
4 4,10,13,17
8 20,7,12,7
0 6,9,18,12,13
7 14,11,16,18
1 12,19
5 18,11
5 15,7,4
4 16,16,17
9 5,6
6 11
6 6,15,10
2 1,2,4
6 20,6
2 4,18,3
2 14
3 16
4 19,6
1 2,17,3
5 9,13,17,17,2
5 12,9,8,1
4 20,20
1 18,13
2 8
7 8
4 8,8,20,17
1 15
6 6,11,3,8,1
7 15,18,13,8,20
3 2,3,7
6 16,17,20,17
1 6,15,14,15
9 10,2,11,5
9 11,12,15,18,3
7 6,3,18
7 4
9 18,15,5,3,17
1 9,7,3,2
8 3,12,18,11
9 16
3 10,18
2 10,20,10,1,15
5 4
6 2,6,18
4 9,19
7 20
6 8,8,19
7 16,1,15,20
4 4,11
7 10,3,12,12
9 3,16
3 2
9 1,6,20,12
1 13,16,16,17
3 2,10,5
1 4,9,12
4 6,6
8 14,3,11
0 5,5
6 12,16,13,12
1 9,5,1,7
6 8
1 10
4 18,8,6
2 8,16,15
6 20,4
3 16,10,19,7,1
6 14,3,11,15,18
4 11,13,9,6
1 20,17
7 10,12,5,3
0 12,15,10,15,20
8 10,1
8 13
2 1,18,7,14
3 9
5 4,17,1,20,11
2 11,6,12,15,19
4 10,6,10,15,15
5 8,12,18,1,18
6 6,15,9
9 6
9 5,20,14,1,17
3 8,7,14
6 4,19,2,12
3 14
9 6,16,13,2,3
1 15,13,17,11
5 17,18,4,15
8 18,2,20,17
1 13,9,3
9 2,2,19,3
7 17,8,12
1 13,8,2,10
2 20,10
9 17
7 18
5 12
0 5,1,4,5,9
0 14,10
7 3
0 16,18
7 15,13,17,20
7 8,18,9
1 6,20,20,3,8
6 3,9,20
6 6,16,18,19
6 17,9,13
7 12
2 19,13,13,11
3 7,8
1 13
3 6
8 4
0 19
8 17,6
4 4,12,20
2 10
1 9
1 5,12,15,15,2
7 14
9 6,12
1 18,13,5,18,2
0 2,18,10
2 6,12,15,20
0 5,2,4,10
8 12
8 20,15,6,2,1
6 6,20
1 2
5 4,13,14
3 6,17,9,4
7 1
9 17,4,11,3
9 14,10,20,8,13
7 1,1
3 12
3 8,12,5,3
7 17,9,16
8 14,2,1,18
7 19,1,2
3 10,19
7 8,19,10
1 19,13,20,12,8
8 4,4,12
8 19,3,2
8 12,19,1,20
0 19
3 5
5 15,4
9 9,17
3 3,19,8,9,9
4 8,14,2
0 8,13
8 17,16,6
8 7,17,15,9,10
5 13,15,5,19
7 6,17,11
6 19
3 2,13,2
6 14,7,1
1 19,7,8,10
6 17,5
8 11,12
9 13
4 16,13,14
5 18,3,7,19,12
1 15,19,17
0 13
0 12
2 8,16,12,16,2
5 20
0 1,16
9 12,13,4,16
1 6,17
2 17,19,7,11
0 1,19,16,7
3 14,18,9,7
7 13,13,10,17,14
9 11,10,12,15,6
6 18,11
6 1
0 20,4,2,19
9 4,18,9,13
3 13,3,19
5 5,16,17
8 12,15,1,3,14
2 19,12,2,10,3
0 12,17,19
3 1,10,3
2 1,12,2,6,2
8 1
2 7,11,16,18,4
7 6,18
9 20,9,14,19
0 4,9
7 1,17,1,14
4 6,17,10,15
4 17,11,7,2,20
4 18,13,8,9,11
7 19
9 12
4 3,16,14,18,6
1 19,11,20,3
2 14
6 19,20,2,9,6
8 16,17,8,17,11
3 15,10
3 13,19,6,18
4 19,19,2,20,8
3 11,18,2,2,5
4 3,15,10
0 15,2,18,17,10
6 20,2,8
0 3,7
6 11
1 2,6,15,15,18
1 13,20,17
8 16,2,10
1 15,1
3 10,17,6,14
8 9,15
7 3,2,8,17,19
2 5
3 3,9,6,14,13
2 13,7,17
5 18,19
3 16,20,11,17
1 9,17,16,20,18
1 20,12,11,6,6
5 8,6
9 13,20
4 3
6 14,20,8,11
7 4,8
4 3,6,13,12
5 12,4,8,7,11
7 20,7
0 20,14,1,13
7 17,8
2 8
7 14,1,5,9
0 12
0 12
8 12
0 15,2
0 5,13
2 18,7,3,6
7 13,1,15,1
2 18,3,5,14,3
5 2
5 2,3,2,20,5
2 5,1
7 17,15,16,16
4 6
6 13,18,10,18,11
7 4,10,19,10,14
0 4,7,13
0 1,16
3 17
8 11,13
5 1,16,3,15
4 8,20
6 5,18
4 20,7,10,3
5 12,18
5 20,18,1,9
6 13,9,4,9,4
0 13
1 14,5,9,10,3
8 1,4,17
0 12,2,16
1 14,15,4
4 4,19
1 19,12,15
5 12,6,10,16,18
3 6,15,14,7
6 8,20
8 1,13,20,20
6 15,3,14,12,11
8 6,17
4 6,16
1 18
4 11
0 7,19,15
9 4
2 19,2
3 1,13,2,8
7 19,15
9 7,2,5,2,7
2 7,17,7,8,1
6 15,7
0 17,3,8,12
2 17,8
5 1,18,3,4,13
9 18,5,2,12,16
8 13
1 6,3,15,10,6
7 13,1,2,12
5 11,18
5 20
2 17,5,9,2,11
8 8
3 14
5 20
6 11,1,14,2
0 16
6 16,9,18,5,16
9 11,4
5 6,12
1 20,15
5 18,3,11,9
6 7,4,19,6
3 2,20,15,5
9 2,17,9,11,11
0 13,16,13
6 8,20,20,16
5 1,5,1,9
9 5,19,1,14,1
5 17,12,17,2
4 8,20,14,10
9 11
8 17
5 2,5,18,1,18
7 7,10,19,19,1
9 20,10
0 16,14,19,3
5 1,8,3
3 7,11,17,3
3 7,10,7,20
0 4,18
3 17,7,12,4,1
2 14,1,6,12
1 12
7 2,2,10,18
7 6
9 17
4 20,16,2,19
4 1,13,7,15
2 7,16,6,17,1
7 4,2,16,17,10
4 2,20,1,14,17
9 5,16,4,3,19
2 15,14
0 18
2 12,14,16,8,18
4 11,17,4
7 1,20
2 3
6 18,14,6
3 19,14
3 19,16,20,12,1
5 19,7,12
5 13,4
4 3
6 14,8,2,7
7 7,6,3
1 19,14
4 5,1,17,14
7 19,20,16,13
4 8,18,19,14
7 3,10,6
7 12,1,9,7,17
3 5,16,10,10
3 17,10,18,20,9
6 4,6
1 3,19
1 12,15
0 17
9 4,15,15,1
1 18
0 5,4,13,19
9 17
4 15,4,13,9
3 14,2,7,14
0 7,9
5 4,18,19
1 17
9 3,11,6,3,9
1 16,12,6
8 7,18,7,9
6 4
5 17
8 5
8 6,19,5,16,4
1 10,13,4,2
7 2,15
3 16
8 5,17,1,11
2 4,3
9 12,3
4 20,11,16,17,5
5 17,6
9 17,11,13,6
8 20
4 6,15,5,11,14
7 20,9,5
5 14,20,16
3 2
2 17,2,16,15,18
7 17,20
4 3,11
8 7
6 20
5 1,20
7 6,7
4 4,14,19
7 19,3,2,3,1
0 18,17,14,16,14
3 8,4,13
1 17,4,13
9 10,20,7,18,8
2 15,16,16,1
0 19,11
4 9,14,16
1 18,8,19,20
2 10,13
2 19,20
1 19,9,12,3,17
3 1,6
3 13,20,20,15,3
6 14,20,1,8
4 5,16,2,13
0 18,2,16
2 5
0 20
8 17,3
2 20
2 15,12,9
0 4,19
5 20,20
7 11,4,3
6 7,14
9 2,4,3
6 16,2
2 14,6,11,9
5 13,5
7 5,14
6 18,16,11,19
9 6,4,4,18
4 16,11,14,13,16
2 3,6
8 6,5
9 5,12,6,2,1
6 10,17,2
2 11,12,6,18,2
4 13,13
9 10,17,14,16,11
6 8,10,4,10,20
7 2,20,10,2
5 6,1
0 12,10,19,7,7
8 7,19,12,20,9
5 11
0 16,13
8 3
2 12,7,12,19,6
6 20,6,20,2
3 10,12,7,5,11
2 1
8 3
2 6,15,19,15,20
2 8,7,12,1
7 16,3,16,8,1
9 7,12,3,1
2 19,5,17,18,5
5 1,4
2 18,16,13,10
8 13,6,6,14
9 9,15
7 19
2 19,16,9,6,14
0 18,20,2,5,5
4 3,1
5 4,18,1
6 17,14,6,7
8 7,10,1,4,14
0 17
7 19
4 10,2,8
9 17,17,11,3,17
8 6
5 19,16,12,2,18
5 5,4,10,5,10
7 6,16,10,9,9
9 9,15,18,15,4
9 6,17,13
3 18,19
9 1,10,11,16,18
2 10
5 11
4 5,19,10,16
3 16,9,20,13
4 2,20,16,5,6
9 5,9
9 16,15,18
4 7,15,3,16
4 17
9 1,11,17,19
0 17,6,17,8
9 19,1,3,10,10
6 17,7,15,5
7 20,15,11,8,1
7 18,9,10,20
1 11
9 20,11,13,5
1 1
7 12,17,2
6 10,1
4 8,7,11,4,9
8 13
3 13,13,19
4 8,12,6
7 10,4,8
0 14
1 1,17,8,14
0 15,10,6,7,2
4 6,19
8 8,9,15
2 5,5,2,6
6 2,17,19
0 13,10,7,1,6
2 1,20,16,1,5
4 18,2,11
0 20
0 5,11,4
0 16,8
4 3,16,19
9 12
7 2,4
8 9,17,19,14,9
7 11,16
3 12
7 13,7,2
6 5,9,5
3 19,8,9
7 7,15,1,18,16
5 9,19,7,8,17
9 17,15,2,18
5 17,5
9 3
1 12,10,16
2 1,12,5,13,6
9 11,8,4,8,20
1 1,10,18,2
8 8,15,7
0 8,19,3
5 11,6
5 7,10,3,1,1
3 8
7 16,12
2 13,10,14,12
0 7,15,6
8 20,6,14,4,6
3 3,14,15,6,20
7 13,8,4,4
7 14,2
1 13
4 9,17,9,15,16
1 3,17,13,10
5 13,13,5,4,6
2 4
0 2,14,18,13
0 17,9
3 8,8,9
4 1,12,18,11,14
1 9
1 11
3 11,14
2 15,7,18,4,16
8 19,20,7
3 1,9,13,7,4
7 11,3
4 19,9,9,18
4 12
6 20,10,11
4 9,9,14,13
7 20,20,2,11,9
3 16,6
5 17,2,4
3 5
0 17,3,10,12
4 15,13,13
8 17,2,20,10,6
7 18,12,8,12,15
4 12,2,13,9
0 4,11,3,20
0 11,2,8,18,7
6 3
5 18,2,2
0 20,20,20,6
6 9
2 19,12
0 18,6,20
0 12,15,18,4
2 14,12,18
3 16,20,14,11
3 10
1 3
6 8,2
5 5,15
6 4,10,8,7
6 3,8,14
7 20
0 14,4,20,6,18
9 17,5,11,7,18
6 9,15,4
6 10
6 17
1 19,14,2,1
1 19,17,11,3
5 5,8,15
0 9,16
1 12,18
4 15
1 6,6,8,7
1 10,1,10,10,10
3 12
2 8,9,1
1 4,8
5 11,10,19
8 1
4 1
2 9,20,1
6 12,5
1 4,19,4
1 10,12,10,14
6 1
3 14,17
6 7,6,14,17
8 12,16,20,12,3
0 6,13
7 8,8
6 14,8,9
3 11,20,2,20
1 6,19
0 8
6 10
2 8
7 7,4,11,7,4
3 7,15,12,19
6 11,7,1
0 9,7,4,1
5 3,5,20,12,8
3 3,15,9,15,17
9 19,16,19,19,11
9 9
6 13,10,13,2
1 7
2 19,8,9,3,5
9 2,13,1,1,1
1 16,6,15
0 14,5,9,17
4 13,6
5 1,12
0 4,6,13
5 8,13,15,13,4
7 18,20,17
6 7
9 13,14,13,4,8
3 13,11
0 12
9 19,20,10,14,13
6 17,9,4,3
4 9,20,9,5
6 20
4 17,9,10,10,13
9 7,2,17
2 1,9
5 1
0 20,17,18
1 8,18,18
1 1,18,16,7,20
7 16,17
5 16
7 14,14,19,10
8 16
2 6,12
5 6
2 5,18
1 8,18,5,11
5 7,6,14,13,15
5 6
0 10
5 5,3,13,1,13
0 17,16,14
8 1,5
2 12,15,18,7,9
7 1,8
1 18
6 20,20
9 2,14,6
8 1,19,9,10
3 9,9,4,20
3 20,5,11
6 14
7 4,2,10,18
3 4,20,16
5 1
0 16,8,13,15
2 19,16
1 11,4
3 8,2,14
8 12,1
