3 0 0 0 160716 161109
6 4,4 1 0 144603 145033
2 3 2 1 176679 177129
8 2 3 0 169337 169419
3 5,0 4 0 196649 196951
9 4,4,4 5 0 193368 193679
6 3 6 1 138839 139332
7 3,2 7 0 143934 144099
7 2,4,5 8 0 153103 153523
6 1,5 9 0 188229 188684
4 1 10 0 154744 155068
6 0,2,1 11 0 139677 140108
3 1,2 12 1 123823 124028
4 4 13 0 130363 130537
2 1 14 0 156345 156591
0 1 15 0 117301 117688
4 5,2,5 16 0 191906 192084
6 0,1 17 1 184466 184711
0 0 18 0 141188 141593
3 1,2,2 19 0 199645 200129
1 5 20 0 100616 100915
0 3,1 21 1 159099 159151
4 5 22 0 166107 166163
1 4,3,1 23 0 159272 159276
4 5,5 24 1 171795 171950
3 5 25 1 171506 171748
4 4,0,2 26 1 103451 103515
8 2,0 27 1 143465 143860
6 0 28 1 117586 117852
0 4,2,5 29 0 198870 198988
5 3,0 30 0 126953 127061
8 4 31 0 143519 143893
3 4,1,5 32 0 141274 141535
7 3,2,0 33 1 145299 145640
0 1 34 0 108816 109291
9 5,2 35 1 150056 150342
1 4 36 1 175864 176175
0 4,2 37 1 165041 165181
6 5,2,0 38 1 109665 109832
8 5,0 39 1 176747 176790
5 5,4 40 1 131969 132297
2 1,1 41 1 100086 100463
0 2,4,3 42 0 197585 197900
7 5 43 0 135602 135812
6 3 44 0 189490 189632
5 1,5,3 45 0 118940 118946
5 5 46 1 166721 167041
0 2,3,3 47 1 167056 167166
4 3,2 48 0 188073 188240
2 2 49 0 197142 197472
2 3,5,1 50 0 100047 100390
3 0,0 51 0 170372 170382
0 5,4,2 52 0 163485 163709
6 2 53 0 163618 163907
1 5,0 54 0 151539 151574
4 2,2,1 55 0 127006 127427
6 1,3,5 56 0 170652 170662
5 0,5 57 0 107094 107399
1 5,4 58 1 100154 100211
8 2,2 59 0 189454 189498
1 0 60 1 112167 112330
1 4,5 61 1 122806 122904
9 1,0,4 62 0 115424 115599
2 0,3,4 63 0 135100 135105
4 4,3,4 64 1 140758 141004
1 3 65 1 108659 109078
3 1,2,1 66 0 192238 192286
0 4,0,3 67 0 100507 100727
8 2 68 1 189302 189533
4 3,3 69 0 130704 130984
7 3,3,2 70 0 193246 193352
2 3 71 0 187629 187797
6 1 72 1 111523 111542
3 5,2 73 0 192203 192505
7 2,2 74 0 160079 160575
8 5,4 75 0 138984 139165
9 1 76 1 184052 184155
7 1,2 77 1 164416 164578
3 0 78 0 163379 163434
1 1 79 0 144979 145183
4 3,5,2 80 0 128298 128400
1 1 81 1 196326 196627
9 4,3 82 0 144121 144215
5 2,0,5 83 0 133442 133639
9 1 84 0 163699 164079
9 4,0,2 85 0 101352 101732
9 2,5 86 1 108351 108755
9 3,0 87 1 106623 106915
4 1,1 88 1 174162 174533
5 2,4 89 0 105468 105942
3 1 90 1 186847 187265
2 0,4,5 91 1 102401 102817
3 3,2,0 92 1 116404 116592
5 0 93 0 165467 165878
5 1,0,1 94 1 103693 104066
2 0,0 95 1 163744 163913
7 4 96 1 195851 195882
3 5 97 1 161832 161855
9 0,2,1 98 0 184918 185220
1 2 99 1 122961 123280
8 1 100 1 177038 177534
0 2,4,1 101 1 171490 171766
6 3 102 0 123350 123402
0 1,2,5 103 0 142286 142563
8 3,5 104 1 140849 141307
2 5 105 1 192419 192662
1 4,4 106 0 156808 156809
0 3,4 107 1 198228 198471
5 4 108 1 130239 130350
8 4,5,2 109 0 102391 102588
2 5,5,0 110 0 108393 108436
8 4 111 0 155732 155956
3 5,4 112 1 189887 190345
2 3,5,5 113 1 176947 177180
9 2 114 0 160096 160349
0 3,2 115 0 174712 175152
2 3,2,4 116 0 174104 174372
2 2,5,4 117 1 176490 176569
8 0 118 1 194925 195422
6 5,1 119 0 168651 168820
4 1,4 120 1 140306 140737
1 0 121 0 178540 178653
7 2 122 0 126269 126757
8 2 123 0 136454 136661
0 4,3 124 0 126833 126963
4 4,5 125 0 166010 166288
5 2,2,4 126 1 198513 198534
7 2,2 127 1 198147 198448
5 5,3,1 128 0 181593 181608
8 1 129 0 158132 158245
7 3,4,5 130 1 140777 141234
7 5,4 131 0 152052 152443
9 1,0 132 0 182738 183233
9 5,1,4 133 1 162121 162588
6 5 134 1 163262 163345
0 1 135 0 111486 111856
8 1,5 136 1 143048 143244
8 3 137 0 143450 143909
5 2,3,0 138 0 160354 160652
5 3,0 139 1 182652 182811
9 5 140 1 187143 187157
1 3,0,4 141 1 197010 197134
4 5,5,5 142 1 187110 187604
9 3,3 143 1 196509 196819
7 5,2,1 144 0 157259 157751
0 1 145 1 122758 123153
4 2,2 146 1 106618 107016
6 5 147 1 154260 154681
2 4,1 148 1 115351 115815
5 3 149 0 190097 190305
4 1 150 1 182536 183004
3 0,1,5 151 0 153891 154030
5 1 152 0 130222 130480
3 0,3,5 153 1 159722 160117
7 3,4,3 154 0 183221 183560
1 2,0,2 155 1 188538 188604
1 1 156 1 142564 143007
1 0,1,0 157 1 167084 167268
7 3,1,0 158 0 138910 139288
7 0 159 1 112654 112929
4 3,1,2 160 1 138825 139027
5 5,3,0 161 1 189430 189777
5 2 162 0 148642 148921
5 3,3 163 0 110072 110477
8 3,4,0 164 0 165075 165500
3 3,0,4 165 0 117175 117480
4 4,4,1 166 0 199480 199880
4 5 167 0 164163 164565
4 1,5 168 1 188568 188790
0 2 169 1 105576 105696
6 1 170 0 115290 115458
8 0,4,2 171 0 122293 122566
1 5 172 0 143267 143526
7 0 173 0 127334 127527
3 0,3 174 0 166341 166834
4 5 175 0 162308 162356
2 0,0 176 0 155094 155303
4 0,1,5 177 1 104433 104872
5 0,5 178 0 161055 161418
3 3,0 179 0 160847 160985
6 1 180 1 112921 113229
8 3,3,0 181 0 157565 157684
6 0,2 182 0 124365 124567
2 2 183 0 166841 166896
5 0 184 0 171951 172424
2 2 185 1 183976 184005
9 1,0 186 0 110353 110826
1 0,2,0 187 1 146560 146701
3 4,0 188 0 105770 106204
0 3 189 1 186791 186927
6 4 190 1 119138 119437
4 1 191 0 102320 102772
1 0,0,4 192 1 151960 152429
7 3 193 0 116659 117147
1 2 194 0 134055 134157
7 0,1,0 195 1 109932 110155
4 0,3 196 1 151146 151293
4 4 197 1 107518 107710
1 2 198 1 122002 122188
6 2,1 199 1 169799 170120
2 5 200 1 195377 195700
3 3 201 0 193905 193905
1 1,3,5 202 1 171627 171913
4 3,5 203 1 101744 102214
5 3,0,5 204 1 188813 189222
7 1 205 1 164522 164621
6 4 206 1 127434 127463
6 3,0,4 207 0 129134 129269
4 1,0 208 1 108716 108991
4 4 209 0 170736 171225
5 2,4,3 210 0 100735 101134
4 2,4,0 211 0 124441 124588
9 1,0,0 212 0 151437 151844
9 0,4 213 0 151249 151430
5 0,1,0 214 1 125263 125594
7 4,3 215 0 126898 127288
0 2,2 216 1 116311 116390
5 2,1,3 217 0 146199 146584
7 1,5 218 0 172228 172250
6 0 219 1 189605 190030
8 0,2 220 0 167357 167679
5 1,2,3 221 1 136387 136655
2 5,1,1 222 0 179697 179754
6 5,5,4 223 0 148038 148262
5 5,1,1 224 1 116873 117090
8 3 225 1 160151 160258
3 2,1 226 1 110440 110819
2 2,2,2 227 1 108534 108732
4 4,2 228 0 154032 154344
7 2,1,0 229 1 186893 187225
3 0,2 230 0 163358 163849
2 2 231 0 188894 189353
2 0,1,1 232 0 178129 178387
0 1,3 233 0 147440 147819
8 3 234 0 140804 140847
4 1,3 235 1 123295 123436
2 4,0,4 236 1 114114 114356
9 2,2,5 237 1 142256 142396
7 3,1 238 0 102436 102580
5 2,1 239 1 192988 193258
0 1,5 240 0 171570 171570
2 3 241 1 154910 154974
4 0,5,1 242 1 121884 122191
1 4,4 243 0 170853 171089
6 4,0 244 0 171338 171461
7 2,5 245 1 158970 159096
9 4,0 246 0 131808 132005
9 2,1,1 247 1 144105 144314
9 3,1 248 1 136080 136197
6 1,4 249 0 160746 161218
6 4,3,1 250 0 184428 184857
1 4,2,1 251 0 168154 168367
6 1,3 252 1 174503 174911
9 4,2 253 0 136265 136485
8 3,3 254 1 156119 156495
1 1,3 255 0 190707 190896
0 4 256 1 107470 107541
7 3,1 257 0 124002 124005
2 2,5 258 1 106367 106505
1 0,5,0 259 0 130200 130468
2 1,0 260 1 149411 149822
3 3,5,1 261 1 169457 169830
2 2,4 262 0 153181 153570
6 2,5,0 263 0 111054 111438
2 4 264 0 195347 195495
3 1,1,1 265 1 104178 104435
4 3,5,2 266 0 182738 182767
6 4 267 1 186668 186897
6 0,0 268 0 130022 130511
4 1 269 1 122924 123062
9 1 270 0 139973 140420
5 1,3 271 1 180990 181064
7 0 272 1 134344 134725
5 2,2,0 273 0 127559 128011
5 5,4 274 0 136056 136363
9 1 275 0 176902 177345
2 0 276 0 178468 178945
2 0,3,1 277 0 169596 170054
7 4,1 278 1 146576 146879
3 2,3,1 279 1 123896 124241
0 1,3,1 280 1 189580 189916
0 1,4,5 281 1 125046 125272
4 3,1 282 0 122814 123178
7 1 283 1 181724 182189
3 1 284 1 180985 181401
2 2,2,2 285 0 138368 138767
0 4 286 1 104618 105079
7 0,2,5 287 0 105110 105484
0 4 288 0 120232 120375
7 2 289 0 163852 164233
6 3 290 1 163854 164003
4 3 291 0 189705 189990
3 4,4 292 1 128309 128325
3 4 293 0 152093 152199
5 5,2 294 0 181033 181479
5 2 295 1 124313 124367
1 5 296 0 198917 199246
7 4 297 0 187875 188311
6 5 298 1 112731 112871
9 4 299 1 166268 166311
8 3,4,0 300 1 125925 126301
8 2 301 1 124251 124465
1 4 302 0 133292 133706
5 5 303 1 184174 184273
2 5,1,2 304 0 169120 169391
4 3,4,5 305 1 192250 192624
3 2,4,1 306 0 109745 109881
1 1,2 307 1 174570 174914
7 5,4,1 308 0 179628 179702
5 4,3 309 1 131102 131386
5 2,5,1 310 1 151091 151554
5 3,0,3 311 0 156862 157253
3 4 312 1 154469 154588
7 5,3 313 1 167602 167881
1 4,5,0 314 0 119496 119925
5 5,5 315 1 172887 173340
9 5 316 0 186347 186713
3 2,4,4 317 1 152171 152558
1 3,1,4 318 1 136444 136632
2 2 319 0 193442 193543
5 3 320 1 100482 100857
3 5 321 1 172061 172097
9 4,2 322 1 146059 146082
4 0 323 1 169799 170187
3 3,3,4 324 1 126525 126771
6 1,5,1 325 1 179041 179348
1 2 326 0 108235 108607
7 4,1,3 327 0 194928 195149
4 4,0,3 328 1 108229 108708
1 3 329 1 145734 146102
2 0 330 1 172607 172878
1 5,4,2 331 0 121967 122338
1 5,3 332 1 121941 122070
8 4,1 333 0 168933 169378
7 1,5,1 334 0 177955 178059
9 4,4 335 1 151404 151844
4 4 336 1 182358 182462
8 0,0 337 1 147380 147607
2 0 338 1 189523 189872
2 5,5,1 339 1 130764 131094
9 0,3 340 1 168829 168976
1 1,0 341 0 163974 164427
6 4,5 342 0 138549 138765
3 5,3 343 1 153951 154289
4 4 344 1 107328 107706
8 4,0 345 0 172653 172917
4 3,4 346 1 158320 158550
9 3 347 0 125132 125143
2 2,2 348 1 109524 109697
3 4 349 1 125494 125722
9 2,0,3 350 1 150032 150092
1 1 351 0 139975 140039
4 0,2,0 352 1 116395 116806
2 0,4 353 0 116481 116529
7 4,4,3 354 0 123948 123955
3 1,1,4 355 1 185647 186022
9 1,5 356 1 111767 112142
7 2,0 357 1 119068 119402
0 1 358 0 194706 194849
8 4,3 359 0 149199 149441
9 3 360 1 103493 103495
1 3,2,4 361 1 120044 120075
4 1,0 362 0 111601 111671
8 2 363 0 105464 105543
5 0,3 364 1 147453 147521
6 5,2,2 365 1 161338 161721
7 5,2,2 366 1 162506 162545
7 5 367 1 105267 105292
5 0,3 368 0 123290 123687
5 2 369 1 196477 196550
3 4,0 370 1 128377 128596
1 5 371 0 193113 193257
4 3,1,5 372 0 139341 139650
8 3,1,1 373 0 165960 165987
2 3,3,1 374 1 175523 175855
6 1,4 375 1 127338 127482
1 5 376 1 100737 100955
9 4,4 377 0 126030 126437
9 1 378 0 163250 163291
4 2,0,1 379 1 153122 153192
7 5,3,3 380 1 197606 197709
2 3,4 381 1 180368 180440
8 1 382 0 182725 182801
3 1,0,4 383 1 140284 140300
9 0,2 384 0 183757 183839
7 1 385 0 192813 193150
6 4,3,4 386 0 162451 162862
9 2,4,0 387 1 117705 117975
7 1 388 0 125518 126004
1 0,2,1 389 0 102972 103078
0 0,1,0 390 0 188197 188513
8 3,3 391 1 157914 158064
5 2,5,3 392 0 163584 163775
9 0 393 0 113890 114173
4 3,4 394 0 194829 195193
3 4,0 395 1 124362 124827
8 1 396 0 178349 178631
7 5,3,0 397 1 119923 119983
4 1,5 398 1 177400 177832
0 2 399 0 169312 169598
8 5,4 400 1 136180 136337
7 4 401 1 164240 164580
0 0,3,1 402 1 159540 159665
7 0,0,3 403 1 120545 120823
4 0 404 0 177405 177878
2 1 405 0 149978 150073
9 4,4,5 406 1 122379 122817
9 1,4,5 407 0 111360 111536
7 2,4 408 0 100271 100485
7 4,0 409 1 124258 124698
7 1,1,2 410 1 197752 198175
1 4,0 411 0 133913 133951
0 1 412 0 101957 101960
7 1,5,5 413 0 161374 161671
4 4,1,2 414 0 133747 133772
7 3,5 415 1 119163 119203
2 3,1 416 1 146348 146793
6 5,3 417 1 168567 168645
2 4 418 1 144358 144438
3 1,5 419 0 148429 148595
7 0,1 420 0 119395 119690
8 3,2 421 1 102974 103131
6 5,5,4 422 0 116325 116673
3 5 423 0 144206 144402
6 5,3,4 424 1 103988 104455
2 5,4,4 425 1 126288 126435
3 2,3 426 1 130761 130802
4 0,2 427 0 198513 198984
2 0,5,3 428 0 119852 120140
9 0,5,1 429 1 187166 187293
0 4,2,4 430 1 108355 108842
5 1,2 431 1 170786 171215
3 4,4,3 432 1 183123 183445
3 0 433 0 105675 106010
8 0 434 0 142149 142188
8 0,3,4 435 0 118856 119315
6 0,1 436 1 145530 145769
6 1,2,3 437 1 140209 140359
9 3,2,0 438 1 142544 142783
9 4 439 0 187701 187743
1 0 440 1 182682 183028
2 3,1,2 441 1 166032 166341
8 4,3,0 442 0 190393 190791
7 5,0,3 443 1 175154 175495
5 5,1,2 444 0 101815 102124
3 3,2 445 0 187505 187741
8 4,5 446 1 194902 195309
5 1 447 0 168462 168783
6 3,1,5 448 0 186618 186774
1 2 449 0 159884 160171
5 4 450 0 174076 174159
6 0,5,5 451 1 191040 191229
8 4,0,2 452 1 142681 143073
8 4 453 1 109039 109396
9 4,2,0 454 1 135783 136016
2 1,3 455 1 161011 161096
7 5 456 1 170185 170467
8 4 457 0 102149 102150
5 4,2 458 1 143137 143356
4 0,2,3 459 0 180560 180586
0 2 460 0 160594 160827
1 0,1,0 461 0 183101 183576
0 3,4 462 1 192369 192836
6 3,3,5 463 1 139024 139277
4 0,2 464 0 128760 128913
1 0,3,1 465 0 165131 165445
7 2,4,5 466 0 194922 195413
0 2,2 467 1 161090 161171
8 3 468 0 105480 105713
6 1,1,3 469 0 162693 162718
3 5 470 1 137165 137507
5 0 471 1 108001 108140
0 3,3 472 1 175786 175931
4 5,2 473 1 168948 169125
6 4,1 474 1 133272 133579
1 5,4 475 0 181904 182228
4 2,3,5 476 0 163333 163411
7 4,0,3 477 1 183320 183819
7 1,1 478 1 178790 179036
1 0 479 0 176859 177254
4 5 480 1 123218 123354
2 5,2 481 1 127334 127700
8 4 482 0 172605 172752
1 4 483 1 149412 149607
8 3,2,0 484 1 156127 156248
7 0 485 1 176519 176951
3 4,4 486 1 147590 148032
3 5,0,4 487 0 127167 127464
9 4 488 1 157561 158001
0 3 489 0 137673 137918
8 1,3,4 490 0 126474 126604
6 4,1 491 1 134846 134972
2 1,0 492 0 170283 170438
4 0,2,1 493 0 104184 104419
4 5,1 494 1 106545 106623
1 4,1 495 0 185601 185747
4 4,1,1 496 0 132901 133036
3 4 497 0 199965 199976
3 4,5,2 498 0 180865 181266
8 0 499 1 152979 153313
4 3,3,4 500 1 100701 101010
0 4,4,0 501 0 194678 194932
5 1,5,3 502 1 171974 172111
0 2,3 503 0 146245 146733
1 3,1,3 504 1 103657 103727
8 5,3 505 1 199835 199876
9 2,4 506 1 100081 100409
8 2,1 507 0 165006 165414
7 0,3,5 508 0 183309 183581
7 2,4 509 0 193509 193942
3 3 510 0 149496 149962
6 2,3,3 511 1 153917 154142
8 5,5,4 512 1 125200 125449
1 4,0 513 1 187348 187758
3 3,3,1 514 1 133319 133501
3 4,3,1 515 1 119502 119515
8 4,1,1 516 1 177434 177564
6 3,1 517 0 110582 110779
8 0 518 1 100011 100335
0 1,3 519 1 192758 193093
8 0,1 520 1 170318 170520
1 3,3,3 521 0 116019 116110
9 5,4,1 522 1 113348 113563
4 4,1,1 523 0 142206 142402
3 3,3,4 524 1 102266 102300
6 2 525 1 118616 118926
8 4 526 1 156020 156054
4 5,0 527 0 181037 181121
4 2 528 0 185432 185656
7 2,4,3 529 0 101985 102384
8 4,2 530 0 173249 173439
9 3 531 0 135657 135961
2 1,4 532 1 127073 127434
5 1 533 1 136820 137043
2 3 534 0 187794 188088
7 0,4,2 535 1 175984 176221
4 0,4,2 536 1 128868 128928
5 4 537 0 183747 184243
2 2,4 538 1 157125 157507
5 2,1,4 539 1 159157 159292
3 1 540 0 140312 140709
9 3 541 1 198408 198453
9 1,1 542 1 119027 119423
3 2 543 1 124270 124523
6 2,1 544 1 106994 107065
1 0 545 0 139654 139663
1 5,1 546 1 171154 171412
6 4,3 547 0 187772 187962
9 2,0,5 548 1 174090 174255
6 2 549 0 130579 130803
0 3 550 0 116258 116589
5 4,0 551 1 176147 176374
7 5 552 0 148815 148863
9 1,0,4 553 1 179952 179958
1 5,4 554 1 116117 116247
7 5,4,0 555 1 149778 149897
5 4 556 1 175595 175682
6 3,1,1 557 1 183985 184358
2 2,0,1 558 1 110543 110823
1 3 559 1 189512 189653
7 0,0,3 560 1 157577 157696
7 0,2 561 1 167141 167410
7 2 562 1 198007 198236
9 4,1 563 0 132578 132634
4 3 564 1 127438 127786
1 4,0 565 1 117389 117671
3 2 566 0 139237 139650
4 4,2 567 1 111715 112134
5 0,0 568 1 165572 166044
7 5,1,2 569 1 172919 173032
1 2,5,0 570 1 116811 117111
3 1,3,3 571 1 170216 170224
2 3,4 572 0 103372 103727
4 2,0,5 573 0 157282 157424
5 1,1 574 0 130447 130629
2 0,5,2 575 0 136631 137131
4 1 576 1 108248 108657
8 4,1 577 1 166896 167285
3 0 578 1 193558 193790
9 1,4,0 579 0 151163 151264
7 0,3 580 0 165216 165480
6 4,5,4 581 1 184703 185104
4 2,5,4 582 1 113423 113898
8 4,0 583 0 119170 119514
7 0,0 584 1 159983 160012
6 2,2 585 1 105723 105723
1 0,2,4 586 1 115118 115576
5 0 587 0 105294 105657
9 0,5 588 0 105908 106170
7 2,3 589 0 129708 129789
5 2,0,1 590 0 121261 121508
1 1 591 0 191165 191359
3 2,4 592 0 169349 169353
3 2,5,4 593 0 161323 161777
4 2,2 594 0 171326 171390
8 1 595 1 149667 150101
8 5 596 0 183109 183582
6 3,1,1 597 0 168536 168972
5 1,3,0 598 1 143604 143951
9 4,4,1 599 1 180924 181348
3 0 600 0 102916 102992
2 3 601 1 194148 194536
0 3 602 0 140048 140538
5 2,0 603 0 148187 148480
2 0,1,1 604 0 106113 106156
5 4,0 605 0 168540 168726
5 1,4 606 0 180043 180429
4 5,2,5 607 0 182531 182830
6 4,5,5 608 1 141145 141469
0 1,5 609 0 140996 141198
8 0,0 610 1 164286 164638
4 0 611 0 126097 126490
8 1 612 1 115283 115313
4 5,2,3 613 1 161448 161933
9 3,1 614 0 175754 175917
3 4,1,3 615 1 147571 147979
9 1 616 1 151608 151944
1 5,2 617 1 113423 113594
7 5 618 1 148407 148485
8 0 619 1 103888 104129
3 2 620 1 136932 137169
9 2 621 0 174182 174564
8 0,1,4 622 0 149661 149911
2 5,3,5 623 0 160625 161059
4 1 624 0 152961 153092
0 3,3,5 625 0 157742 157973
6 0 626 1 114407 114645
7 0,0,1 627 0 178718 178925
5 2,0 628 1 109113 109255
3 3,4,4 629 1 135619 135919
8 3,4 630 0 172259 172559
5 3,3 631 0 186980 187289
0 3 632 1 103162 103222
0 1 633 0 171713 172128
3 2 634 0 160902 161016
7 4 635 0 135789 135858
0 4,4 636 1 193572 193645
6 1 637 0 116331 116485
1 2,5 638 1 118715 118734
5 4 639 0 183471 183556
6 1 640 1 167082 167469
0 4 641 1 128322 128599
2 2,5,4 642 0 186187 186338
3 5,4,3 643 0 131870 131955
9 0 644 1 131095 131439
6 0 645 1 176012 176205
3 0 646 0 138858 139143
8 4,3 647 0 193859 193907
2 3,5,1 648 0 120998 121126
9 3 649 1 116400 116810
1 4 650 1 141952 142091
8 2,4 651 0 197118 197453
1 0 652 0 148916 149411
8 3,3,2 653 1 180334 180502
4 2,5 654 0 198315 198718
1 2,4,4 655 1 137532 137874
3 1,4 656 0 137127 137624
7 0,1,0 657 0 171903 171932
3 0 658 1 172122 172153
2 2,3 659 1 171985 172386
4 1 660 1 192219 192463
5 4 661 0 108902 109288
9 1,2 662 1 175794 176051
1 4,0,3 663 1 146314 146487
2 2,1 664 1 172624 173058
1 3,5 665 1 175301 175375
5 2,1 666 1 155603 156094
8 1,4,0 667 1 199274 199274
5 3 668 1 158777 158825
9 0,2 669 1 185723 185776
7 0,5,5 670 0 125258 125595
5 0,3,4 671 1 140333 140585
7 4,4,5 672 1 186520 186979
2 4,2 673 1 149115 149602
4 0,3 674 0 180691 181102
1 1 675 0 116184 116499
1 2 676 0 186495 186631
2 1,2 677 0 158565 158676
2 1 678 0 168752 168938
4 0,4,1 679 0 141701 142031
5 4,4,2 680 1 133639 133985
8 2 681 0 106512 106754
8 5 682 0 172758 172965
7 1,2 683 1 150889 150903
1 3,2 684 0 117106 117246
6 3 685 0 176926 177167
5 3,2,3 686 1 134449 134559
9 3,5,0 687 1 144202 144581
4 1,4,3 688 0 129199 129506
6 3,3,2 689 0 145710 145980
5 3,3,0 690 0 177913 177930
4 5 691 1 162685 163055
4 1 692 0 107535 107911
9 5 693 0 181576 181590
2 1 694 1 176685 177039
5 1,1,3 695 0 134258 134276
9 3,2 696 0 145420 145715
8 3,5,4 697 0 115554 115963
8 4 698 1 125855 126295
6 4 699 1 161221 161631
4 4,2,4 700 0 196832 197272
8 4,2 701 0 170631 171094
6 1,0 702 0 155752 156006
1 0,1,4 703 0 151248 151535
3 0,2,3 704 1 180413 180504
6 0,1 705 0 184809 184904
8 4,2,0 706 0 116601 116851
5 3,0,4 707 0 155345 155685
4 3,0 708 0 190518 190640
9 4,0,0 709 1 180118 180579
4 2,1,3 710 1 151624 151940
5 4 711 1 153338 153746
6 5,1,1 712 1 158322 158657
3 5 713 1 114286 114297
6 0,5,3 714 0 116514 116694
0 2,0,0 715 0 118277 118539
8 4 716 1 108004 108278
4 1,5 717 0 162938 163201
1 2 718 0 165996 166146
8 5 719 0 103846 103996
0 2 720 1 121423 121559
3 3 721 1 149636 149751
5 3,5,5 722 1 112881 112992
2 4,1,5 723 1 197265 197724
0 3 724 1 192658 193122
6 2,1,2 725 0 165235 165655
7 4,0,5 726 1 168646 168759
2 1,3 727 0 194790 194921
3 2,2 728 0 172309 172446
2 5,1,1 729 0 177203 177607
7 0,1,1 730 1 125132 125296
4 2,3,2 731 0 187161 187608
3 4,3 732 1 177325 177489
4 1,0 733 0 106289 106297
1 1,2 734 0 181381 181842
0 2,2,0 735 1 134699 134822
2 5,3 736 1 123584 123970
8 2 737 0 103547 103552
3 1,2,3 738 0 151355 151645
6 2,4 739 0 163775 163975
9 1,3 740 0 164821 165301
1 2 741 0 115277 115308
0 0,0 742 1 138328 138649
4 0,4 743 1 150948 151315
0 1 744 1 192406 192451
2 4 745 0 179003 179229
6 5,1,4 746 0 159107 159488
7 5 747 0 120444 120607
9 1,0 748 0 158997 159149
3 1,1 749 0 112516 112699
7 0,1 750 0 183979 184033
6 5,5,2 751 0 113676 113962
7 3,0 752 1 106557 106967
4 0,1 753 0 197630 197652
6 2,1,0 754 1 172514 172805
1 5,0,5 755 1 180048 180391
4 2,0,4 756 0 103404 103590
9 3,0,1 757 1 108264 108622
6 2,0 758 1 142211 142326
1 2,3,2 759 0 103793 104186
4 4 760 1 118211 118584
6 0,3,2 761 1 157221 157299
9 2 762 1 129368 129404
4 2,5 763 0 121427 121811
8 5 764 0 126062 126403
7 5 765 1 155942 155960
1 5 766 0 186296 186678
8 0 767 0 117845 118084
1 1 768 0 119480 119975
5 3 769 0 182187 182408
9 2,5,2 770 1 190626 191018
3 1 771 0 131605 131926
2 4,0 772 0 116462 116862
1 2 773 0 146614 146662
5 2 774 0 144652 145091
4 3 775 1 152641 153017
5 2,5,3 776 0 125410 125720
8 0,2,2 777 0 148539 148567
5 1,1 778 0 197942 197953
5 4,3 779 0 159141 159438
9 5 780 1 143625 143922
1 0,4,2 781 1 166566 166774
7 2 782 1 139272 139708
8 3,1 783 1 136319 136441
2 2,4 784 0 127532 127918
9 4 785 0 159224 159297
4 0 786 0 110604 110628
9 3,3 787 1 162098 162543
5 4,0,0 788 0 106114 106560
1 5 789 1 128912 129412
0 2,2 790 0 134777 135178
7 2,3 791 0 122549 122893
8 2,2,5 792 1 111422 111470
1 3 793 1 122348 122357
1 1,1,4 794 1 199316 199792
3 0 795 1 144284 144427
9 0,3 796 1 118825 118928
1 2 797 0 171272 171644
0 4 798 0 193916 194233
9 0,1,5 799 0 146811 146910
9 4,3 800 1 130116 130539
9 0,3,0 801 0 118377 118500
4 4 802 1 168554 168578
3 4,2 803 0 152987 152999
3 1 804 1 113104 113314
6 1,3,2 805 0 133787 134088
5 4,3 806 1 165937 166069
7 0,2,3 807 1 130634 131010
4 2,0,5 808 1 122109 122391
3 5 809 0 122915 123167
3 4 810 1 137887 138176
1 5 811 1 116907 117020
5 1,1 812 1 156916 157320
2 4,3,2 813 1 110739 111020
3 1 814 1 119934 120111
3 5,1 815 0 136442 136929
8 0,5 816 1 148306 148381
5 5,4 817 1 153628 153869
0 4 818 0 157041 157527
0 0,3,5 819 1 102288 102393
9 3 820 0 183392 183864
8 4,4 821 1 167065 167111
9 1,3,1 822 1 104082 104355
7 4,5 823 0 119128 119441
9 0,3 824 1 101487 101584
3 3 825 0 106152 106267
8 0,2 826 0 197821 198000
9 2,1,4 827 1 119611 119875
1 5,4,3 828 1 128462 128921
0 1 829 0 108664 108843
8 5 830 0 169929 169938
1 5,3,1 831 1 126953 127411
0 3,3 832 1 185695 185863
6 0,4 833 1 107966 108049
8 1 834 0 123847 123864
4 0,0 835 1 125634 125979
6 4,2,4 836 0 134249 134490
5 4,1,2 837 1 117291 117531
9 1,5,0 838 0 177126 177393
2 3,5 839 0 102583 102731
3 3,2,5 840 1 166220 166293
7 1 841 0 175516 175688
4 5 842 1 199726 199750
3 4,1,2 843 1 135665 136017
0 3 844 1 184979 185356
9 4,5 845 1 142102 142588
6 1,0 846 0 133164 133228
9 5,2 847 1 152308 152608
4 3 848 0 117561 117731
6 2,1 849 0 160049 160381
0 5,2,4 850 1 166349 166769
9 4 851 1 136997 137431
1 2,0,3 852 0 199454 199517
3 2,1 853 0 184214 184410
9 4,4 854 0 144553 144787
4 1,5 855 1 185899 185942
3 4,0 856 0 124664 124864
7 1 857 0 185114 185274
0 0 858 0 183093 183176
2 1 859 0 183243 183466
2 5 860 1 101028 101483
4 5,2 861 0 190279 190334
4 0,1 862 1 198000 198234
5 3,0,5 863 0 111889 112095
5 1,2 864 1 189700 189958
0 2,2,3 865 1 127412 127522
4 3,0,2 866 0 120060 120176
5 4,4,2 867 1 179468 179505
0 3,0,0 868 0 158421 158799
6 0,4,0 869 1 133545 134028
8 2,3 870 1 144067 144184
6 3,2,1 871 0 136361 136550
1 3 872 0 124103 124249
3 4,2,4 873 1 116690 116823
8 3,3 874 0 162813 162842
7 2 875 1 193174 193582
7 4,0,4 876 1 172958 173360
7 2 877 1 144237 144467
0 4,3,0 878 0 138974 139085
8 2 879 0 183995 184324
9 0,0 880 1 168030 168436
3 2 881 0 194344 194471
2 2 882 1 119856 119939
3 3,4 883 0 147735 147770
4 4,3,5 884 1 129007 129373
3 2,0,1 885 1 196787 197132
8 5,3,3 886 0 155874 156028
1 3 887 1 139108 139182
7 5,3 888 0 125722 125854
9 4 889 0 182041 182136
9 2,1 890 0 120725 120891
2 0,5 891 1 133918 134007
6 1,5 892 0 110429 110604
1 3,0 893 0 146706 147200
8 4,1,0 894 1 108664 108947
8 0 895 1 147333 147470
2 2,1 896 0 197877 198026
1 0,1 897 0 148858 148906
7 2,1,1 898 0 119565 119979
8 5,1 899 1 129400 129593
3 4,5 900 1 193382 193539
3 4 901 1 195070 195239
3 5,5,3 902 1 113681 114146
0 2,5 903 0 194064 194476
3 5,1,5 904 1 166250 166431
2 0,0,4 905 0 194034 194090
9 1 906 0 197673 197917
2 3,0,4 907 1 180219 180350
9 1 908 0 143529 143547
3 4,3,0 909 1 192920 192949
9 3 910 1 147005 147195
5 3,5 911 1 181898 182365
9 0,4,4 912 1 120506 120621
2 0,4 913 1 138638 138929
9 4,1 914 1 161799 162157
1 3,2 915 1 157745 157763
0 0,1,4 916 1 165387 165707
5 0,3,2 917 0 193580 193828
7 2 918 0 146825 147206
6 3,4,2 919 0 163981 164354
9 4,5 920 1 114486 114680
5 0,5 921 1 156793 157118
0 5 922 1 119101 119293
4 1,3,0 923 0 141836 141956
0 5,3,3 924 0 123234 123501
9 3,2,3 925 0 158087 158401
7 5 926 0 123747 123779
7 2 927 0 163591 163832
2 1,3,1 928 1 156759 157123
0 1,4 929 1 168184 168286
4 5,3,2 930 0 111750 112154
7 2,0,1 931 0 146533 146987
4 2,2 932 0 147171 147181
9 5,3 933 1 107429 107567
2 0,1 934 1 165242 165434
8 2,5,3 935 0 125596 125649
3 4 936 1 191824 192169
6 4,1,4 937 0 110168 110433
0 4,5 938 0 154663 155124
3 1,3 939 1 193321 193576
8 0,0 940 1 125846 125976
7 2,0 941 0 187760 188095
3 3,0 942 0 162581 162743
6 1 943 1 103433 103619
9 5,2,1 944 1 194440 194768
3 2,2 945 1 163558 163797
4 3 946 0 130498 130984
7 1,1,2 947 1 163909 163998
7 2,1 948 0 125717 126117
9 5,2 949 0 129199 129502
6 2,2,2 950 1 109225 109254
7 3,2 951 1 137818 138064
5 0,2 952 0 115256 115364
6 1 953 1 196186 196451
2 3,4 954 1 187333 187800
8 2,0 955 1 106261 106651
3 2,2 956 1 164541 164589
4 3 957 0 152286 152548
9 3,2,0 958 1 117267 117696
0 4,0,3 959 0 115831 116019
6 0 960 0 177458 177577
1 2,5 961 0 104809 104934
8 0 962 1 115313 115609
2 5,5,3 963 0 194663 194836
6 3 964 1 136374 136506
8 4,5 965 0 114175 114321
8 4 966 0 180955 181006
8 5,4 967 1 119231 119247
4 2 968 0 195284 195631
2 1,3 969 1 113570 113801
1 2 970 0 121052 121490
2 3,4 971 0 135744 135939
9 0 972 1 120714 120787
8 5 973 0 139915 140291
9 5 974 0 179852 180257
3 0 975 0 167020 167427
9 4,4 976 0 119959 120088
0 0 977 1 111188 111333
7 5,0,1 978 1 113158 113488
9 3,2,2 979 0 133367 133844
0 1,2,0 980 1 124767 125007
8 1 981 0 146727 147052
0 5 982 0 101111 101192
3 3,0 983 1 119372 119816
7 0,4,0 984 1 181646 181822
2 2 985 1 185748 186130
0 2 986 1 116768 117186
5 3 987 0 111059 111169
1 1,5,1 988 1 180833 180947
0 5,5 989 1 108496 108630
7 5,3,2 990 1 193814 194003
2 3,4 991 0 176822 177221
6 0,1,0 992 1 148727 148913
3 0,5,5 993 1 131851 132345
5 1,3 994 0 190654 191033
3 5,1 995 0 105312 105485
7 1 996 0 151646 151989
1 4,5 997 0 181312 181489
9 2 998 1 117025 117257
8 4 999 1 151529 151596
