3
17,16,1
3,13,10,6,4
3
16,15,2,9,11
18,3,3,7,9
20,8,1
6,19,17,2
19,19,6
18,13,15,12
6,12,2,14
2,18,9,16,15
18,15
8,8,17,18,12
19,1,12,4
13,12
8,8
11,8,7
15,18
5,15,11
3,4
10,12
2
13,8,20,15
13,5
4,15
5
1,5,1,12,14
2,8
12,3,17
6,20,15,7
18,14,15,12,7
17,7,5
16,3,3,16,6
19,2,12,15
20,4,3,20,2
4,20,13,13
2,20
15,16
10,1
5,14
6,15,3
8,8
3
5,9,18
19,16,15
18,8,2,12,18
15,6,4
13
16,4
19,14
5,17,13,19
6,5,7,18,1
17,14,3,9,11
19,4
9,16,12,11,12
7,18,17,16,20
10,6
2,10,6,17,13
19,9,17
19,20,17
6,12
20,11,9
16
6,14,20,19,12
10
7,14,12
8
13,1,9,4,16
7,12,8
17
1,4,12,18
19,4,18,12
11,18,14
19
11,20,6,5
3
11
16,2,17
6,7
11,11,4,5
10,9
3,10
20
13,15,16
18
15
19,13
17,18,13
6
12,20,7
18,16,6,7
4,5,4
13
20,8
4,4,13,3,3
15,9,4
15,9
1,3,10,16,15
17,10,4,15,3
18
7,5
6
13,8,5,1,4
4,5,5
9
6,19,2,14
13,10,2
2,19,9,19,5
3,6,20
3,17,20,3,16
14,14
5
12,5
12,15,12,8,7
18,10,11
13,15,19,12
1,4,17,11
20,4,4,12
15,5
1,20,14
16,7,1,12,7
16,11,11,15,8
17,9
1
4,6,2,15,11
18,19,7,15,9
9,1,9,7
7,5,7
18,20
15,6,10,14
20
14,20
10,16,4,17,16
4,1,9
6,13,15,1
3,4,20,7
10,9,18,5
14,15,15
15,18
19
12
16,1,7,16
8,12,7,3,3
14,2,12,6
11,10,19,2,5
18,11,15,3,3
7,5,7,9,6
9,2
6,10
19,10,7
18,7,11
14,19,4
12,16,11
5
20,1,2,14,11
13,3,4,3,10
20
19
16,3,3,9,15
13,16,1,20,16
2,1,11,13
3,16,17,17,7
10
16,17,4,11
6,10,1
16,2,11
1
3,20
14
14
2
8
2,15,5,14,16
11
9
12,14,6,6
5,6
13,12,18,8,15
18,16,5
17,18,18,4
6,10
16
3
10,7
8,11,4,3
3
12
17,12,1
12,4
20,2,13
3,3
13,9,7
14,14,7
3,2
15,10
2,12,12,10,19
12,6,17
12,14
13
3,15,2,12,16
4,19
4,20,9,18
14
5,14,20,2,10
2
5,3,20,19
10,4,10
1,5
20
16
2
13
16,11,10
3,9,20,8
15,5
17,5
7
11,19,13,3,14
19,6,9,11,2
14,19,6,6,17
5,15,17,10,17
6,5,16,8
19,7,6,15,11
6,1,4,18
19,10,14,1
16,19
13,15,15,7,12
15,5,20
13,15
18,16
8,16,5,14
1,9
14,12,8,8
14,3,10,2,4
20,17,18
19
16
17,18,8,3,11
4,15,14
1,9,6,8,19
15,18,20,2,17
3,5,7
8
9,16
11,19,19,7,7
8
1,9,16
3,8
15,13,4,14
8,20,6
19,5
20,12,11,19,8
3
16,7,20
20,4,19,10
4,5
18,11,15
17,2
4,1,7,7
5
16,20
9,15
6,11
18,14,9,17
4,1
9,6,2,3
8,15,10,20
13,11,3,11,6
18,2,14,3
19,6,1,14
19,12,2,1,17
14,18,7
6,14,20,16,11
14,4
4,3,4,7,6
6,2,18,12
11
11,16
12,1,5
17,15
17,20,18,10
13,1
16,20
1,20,1,9
19,9,10,18,15
9,8,17
4,13,14
7
14,2,18,15,10
3,2,16,3
2,3
11,2,15
19
16,16,10
15
9,19,2
17,1
6,3,10,12,3
2
10
5,5,15,10
6
3,16
14,3,6
7
13,7,1,13
19
1,20,7,19,19
13,8,12,14
8
14,19
19,13
14,6
16,8,4,15
18,2,14
17,13,9
16,6
1,18
5
1,4,7
10,5
14
1,15,16,3,9
8,11
17,12,15,14,1
1,17
4,16,10,7
2,11,15,19,18
15,20,15,9,2
11,14,1
10
13,14,19,18,19
13,2,4
5,17,10,18
14,18,18,10,4
13,14
15,7,1
7,3,17
3,14,6
13,15,20
7,17
8,14,18,4,4
6,4,10,8,3
20,15
14,3
1,1,7
20,15,7
13,3,11,11,1
14,11,4,4
8,7
20,8,12,16,14
6,6,5,15,8
4,3,18
4,16,12,10
14
18,15,12,12,17
8,2
9,18
2,19
1,4,4,14,2
8,18,10,4,7
2
7,11
6
18,4,19,11
11,8,9,11
9,17,4,15
15,4,9,6
12,20,12
7,18,6
4,1,2
3,3,14,15,12
9,8
15,18,6,18,4
9,3,6,10
10
15,18,12,3,17
6,17
15,9,8,3
5,4,14
18,5,2,17
8,17,18,6,6
13,5,16,16
8,4
9,1
12,9,17,14
14,1
14,19,7,1,19
6,2,1,15,5
7
5,20,5,9,20
8,11,20
13,2,10
4
4,12
8,9,16,10,15
2,6,11
13,8
2,10,6,16,14
1
15,17,16,6
13
19,18
1,13
15
17,14
16,18,16,20
10
7,16
8,11,11,18
9
6,7,13,5,11
7,19,18,12
2,2,6
17
12,3,19,9
4,2
7,10,15,13
8,10,12,6,20
5,5,5,10,4
2,10
3,16,4,19,4
15
17
12,6
20,16
20,10,13,3
19,12,20,20,16
1,15
13,18
16
3,15
9,19,3,15
3,20,10,15,10
7,1,18,9,19
15,14,3,5,1
19,12
7,17,13
13,8,18,14,4
13,7,17,6
4,13
18
12,2
14,3,10,9
6,12,18,11
14,14,17,4,1
11,9
13,17,3,6,6
16,17,10,7
1,20,3,3,20
6,13,8
11,12,6,6
15,2
20,6,14
5,4,9,10
16,14,18
9,1,5,15
10,9
11,17,13
8
13,6,20,14
10,7,5,19
14,8,19
20,8,19,16,13
8,20,2,6,5
12,19
6,7,12
8,17,1,18
17,1,14
17,13,11
20,8,12,1,12
3,9,18
16,3,7,18,3
7
11,11
15
14
15
8
11,9,7,7,13
5,6,6
5,2,11
12,9,1
11,7,19,20
15,18,2,7,11
12,15,3,12,9
17,3,4,14
13,19,18,3
20,1,11,2
18,10,12
15,13,18
19,16,8
3,3
2,7,20,20,17
15,7
14,18,3,10
7,13,12
4,16,3,18
14,12,8,8,3
18,9,2
16,13,5,19,2
8,1,10,15
12,2,12,11
17,13,20,1,12
18,10
13,2,17
4,1,7,2
14,5,15,20
3
13,16,15,12,17
4,18,3,1,19
4
10
11,6,4,15
3,11,14,20
12,7,16,1
10,1,14,18,20
7
11,19,10,1,16
15,13
13,16,14,7,11
9,8,13,5,9
8,17,6,15
8,14,4,6,7
5,10
13,11
10,11,9,4,5
20,10,8,1
4,16,20,9,7
3,15,1,11
2
4,2
8,3,11,15,18
11,9,20,18,6
8,18
5,14
4,19
14,5,2,13
16,20,6,16,2
18
18,16,5,5,10
11,11
3,3,9,2,2
6,10,15
13,6,19
6
2,13,15
19,15,9,9
2,16,9,10,19
4,2,4,14
15,8,10,7
7,7,7,5,16
11,2,14
2,4,19
17,18,17,20,14
13,9,5,10,2
5,15,13
19,19
8
20,2,8,14
3,4,20,2
20,16
4,14,15,20
15,5,10
7,2,20,7,13
5,1
6,17
5,1,9
11,6,13
17,18,19
19,4,1
13,8,8,16
20,7,13,5
9
11
10
16,11
16,1,17,15
8,1,18,15
6
4
20,20,11,13
17,9
4,14,1,13,15
11,1
19,6,12,9,6
16
6,18,8,1,15
8,13,11,6,4
3,14,17,1
6,17,20,14,20
20
14,1
1,9,5,15
16,5,1,19,3
20,10,10,5,13
6,19
10,4,4
17
6,10,9,6,13
17,5
3
17,15
13
16
1,15
2
15,1,1
16
10,14,8,3
13
20,11
13,12,1,4
14,8,19,19,12
13,7,10,1,10
12,20,17
17,7,7
15,2,11
6
16,20
2,3,14
19,9,15,5
17,17,1,9,14
13,15
16,10,6
20,18,5,15,16
6,19
15,7,2,9,20
4,14,11,7,18
5,19,12,6,11
10,13,9
3,10,6,12
2
3,7,15
7,8,14,2,9
15,3
2,8,20,8
4,12
14,11,14,9
4,6
18,13,15,4
16
14,10,10,5,8
15,11,4,3,15
13,5,16,10,2
7,5
18,20,18,11,20
20,6,2,5,11
12,14
14,13,14
3,20,18
7,11,18,18
15
9,19,20,4
1,4,6,11
4,17
16
19,14,3
9,20
16
13,3
12,7
9,17,3,18
13,4
19,9,19
7
5,8
9,12
16,13,14
3
16,11,9,18,11
2
8,19,10,8
11,1,18
17
8,3
3
5,11,3
8,18,1
10,17
7,12,10,11
18,14,1,16,14
4,15,14,19,17
14
12,17,11,10
11,3
15,9,15,9,1
9,6,14,17
11,15,10,15
4
8,3,1
10,1,9,14
9,13
2,13
8,13,12
18,2,3,17,3
6
10,5,14,6,1
15,6,1,20,17
9,20
15,17,18,12,1
17,12,3,5
10,20,5,19
1,11,15
4,2,4
10,1,6
4,7,12,5,6
5,16,13
4,1,17,12,1
17,11,4
11,13,7,10,9
13,14,1,16,2
16,17,6,16,19
13,10,12
17,7
12,16
11,13,12,6
8,11,14,15,3
17,11
18,12,11,4
3,16,2,8
20
1,19,4
16,2,17,19
17,9,18,5
9
5,14,11,1,17
20,13,5,3,14
8,16,8,6
17
6,6,20,10
18,11,20,20
7,8,16
17,5,18
19,2,7
3
5,9,20,4,6
15
20,16,19
14,18,7,10,8
1,9,10,2,16
3,1,3
20
16
15,7,2,19
14,20,8
13,9,17
15,3,19,2,18
18
16
6,2
13,9,2,6,3
3
10
8
8
20,8
8
7,19,5
9
16,2
10
3
11
15,17,7,3
1,8,5,19,8
3,3,17,13,7
20,6,18,16
4
11,15,13,14
9,5
8
15,13,12,17
17,16,17
16,14,1,17,10
5,13,9,11
14
4,5,6,11,2
4,20,6
6,20,12,20
7
8,12,7
3,4,10,2,1
3,9,5,6,16
15,7,7,3
6,20,7
5,19
5,6
11,11,6,19
17,17,18,1,2
15,2,16,6
5,4
4,11,12,6
4,12,6,9
14
20,4,1,6,6
8,13,16,5,4
3,10,8,16,14
6,9,11
18,5,1,19
13,14,1,12,20
10
2,7,18,14,3
13
20,12,10,15,11
11,8,8
3,17,1,15,14
15,4,7
15,15,17,3,3
4,6,9,12
19,15
11,10,9,1,3
8,16
9,3,7,15,17
20,9,2
3,2
7
17,11
14,4
16,16,20,1,6
1
8,14,6,15
4,19,11,13,13
15
7,6,8
11,2,4
5,12,13
17,5,17,20,10
5,10,5,7
3
11,8,13
11,9,13,9
3
20,5,19,19,12
3
1,11,10,18
1,5
7,17,9,20,14
9,12,6
8,14,8
1,6,8,12,20
8,8,3
16,6,3,3,7
3,10,2,5
17,18
14,17
3
5,10
8
5,14,20,13
9
15,4,18
6,13,16,12,9
5,17,16,4
11
17,7,7,16
14
17,14,15,8
3,2,1
17,5,5
20,14,5
15,1,4,17
20,17,19,13,12
16,9,19,20
9,17,2,6
14,7,1,1,13
20,9
11,9,17,18
8,13,18,18,8
14,4
7,19,5,7
15,4,5,3
1,16
15
17,6
20
19,7,10,4
2,6,4,4
17,15,10
4,14,5,20
14,17,14,2,11
16,10,6,15,20
19,1,4
17
1,20,6
8,14
11,10,8,20,9
9,10,2,9,10
14,15,3,10,10
18,7,10
16,9,10
16
13
18,20,2,7,2
15,19,13,6,8
18,5,16,4
17,18,5,13,4
3,17,5,14
19,5,5,9,19
13
18,16
15,9
8
5,2
20
12,18,2
16
5,3,16,18,2
11,2,5
4,4,15,15,17
17,16,20,1
9,17,16,14,20
3,1,2,2,9
16,6
7
5,12,4
14,3,9,7,7
1,8,2,12,10
9,15,11
3,7,3,20
11,2,17
17,8
3,8,4,18,8
2,2,9
16,8,10,3,12
16
16,12,5
13,12,17,16,7
4,19,20
3,3,11
14,1,1,18
17,2,19,10
3,3,8,7,14
2,8,15,18,18
19,1,14,6,10
18,20,6
2
10,2
2,3,16,18,13
15
2,14,17
13,5,4
15
20,15,6,11,19
17,18,10,5
8
20,19,17,19,9
17,13,12,20,17
3
13,9,11,6,3
17
8,14
14,5,1,15,14
5,8,15,13
17,10,9,9,19
10,17,7,14
15
17,11,16,6,10
1,13,19,18,5
3,2,5,18
4
14,19,9,7,15
1,4,10,3,4
4,18,3,18,15
13,5,5,18,14
10
19,5,6,5,13
18,17,16
19,9
7,1,19,4,16
20,1,15
3,11,4
4
2,12
3,10,20
2,6,14,1
9,17,17,10
6,18,17,20,9
20,18,11
13,13,6
4,12,11
15,14,15
9
7,11,5,17
20,4,14,7
16,16
13,7,15
13,14,10,14
2,1
6,13,14,20
15,13,3,2,16
6,8,9,16
5,4,2
12,9,19
16,20,15,1
12,9,2,4,17
4
7
17,1,1
