7 0 0 188509 188644
8 1 0 194364 194715
9 2 0 171738 172017
0 3 1 139302 139360
9 4 0 118188 118400
2 5 0 170930 170946
5 6 1 164907 165318
2 7 0 177179 177210
3 8 1 171099 171113
4 9 0 113482 113795
7 10 1 170770 170980
9 11 0 133611 133860
7 12 1 139191 139649
5 13 1 193397 193412
8 14 1 104576 104590
8 15 1 123193 123560
8 16 0 112962 113297
6 17 1 122269 122489
4 18 0 195632 195713
5 19 0 130221 130718
2 20 0 134775 135127
9 21 1 168067 168505
8 22 1 168945 169062
8 23 0 193889 194289
1 24 1 140072 140498
9 25 0 192299 192350
4 26 1 151125 151307
3 27 1 158790 158944
4 28 0 160284 160629
6 29 0 142333 142360
0 30 1 188646 188693
4 31 0 118004 118234
4 32 0 157258 157496
4 33 1 190196 190693
9 34 0 140746 140896
5 35 1 199026 199104
5 36 0 133919 134187
2 37 0 197118 197292
2 38 1 128552 128735
6 39 0 127978 128339
3 40 0 185795 186066
1 41 1 132007 132036
3 42 1 134670 134978
8 43 1 112435 112817
6 44 1 129237 129604
1 45 1 189684 190003
3 46 0 190132 190528
5 47 0 130512 130671
3 48 0 106268 106385
9 49 1 191754 191820
0 50 1 107965 108405
5 51 0 133060 133227
1 52 0 135415 135796
1 53 1 195562 195714
6 54 0 198610 199108
8 55 1 168468 168624
2 56 1 177916 178265
3 57 0 173526 173912
6 58 0 105595 105743
4 59 0 186183 186266
2 60 1 159766 159978
1 61 1 151727 152173
0 62 0 181572 182064
8 63 0 105781 106222
5 64 1 132585 132936
5 65 0 140519 140599
6 66 1 198166 198662
2 67 1 108877 109194
6 68 1 194385 194625
6 69 1 131336 131782
8 70 0 193926 194240
3 71 1 130815 131146
3 72 1 116844 117050
5 73 0 119443 119510
0 74 0 129171 129591
1 75 1 164151 164163
0 76 1 184137 184634
4 77 0 193304 193632
8 78 0 160530 160841
6 79 0 118128 118350
3 80 0 196001 196008
1 81 1 101410 101453
2 82 0 184852 185184
7 83 0 109480 109759
0 84 1 194368 194407
8 85 1 117404 117649
1 86 1 188320 188500
9 87 0 145197 145584
6 88 0 101514 101889
6 89 1 126973 127391
5 90 0 105974 105983
4 91 1 132785 133266
5 92 0 175860 176271
8 93 0 116650 116824
0 94 1 132802 133212
9 95 0 127789 128005
4 96 1 155023 155419
3 97 0 172540 173007
3 98 0 135470 135755
1 99 0 107305 107623
1 100 1 199071 199224
7 101 0 183520 183810
5 102 0 137001 137183
9 103 1 188556 188562
3 104 0 103598 103639
7 105 0 101522 101932
2 106 0 116278 116441
5 107 0 147187 147418
5 108 0 181562 181733
4 109 1 125925 125937
1 110 1 105391 105583
3 111 1 169481 169857
9 112 1 138969 139274
1 113 1 130458 130763
5 114 1 168598 168955
2 115 0 164469 164789
9 116 1 147140 147405
5 117 0 142853 143259
1 118 1 115294 115667
4 119 0 183895 184012
3 120 0 158386 158467
7 121 1 154567 154760
0 122 0 110299 110481
2 123 0 177184 177533
2 124 0 180986 181182
9 125 1 177497 177749
0 126 1 126022 126290
4 127 0 107567 107741
8 128 0 118655 119132
0 129 1 147174 147567
1 130 1 160093 160488
4 131 1 195204 195578
6 132 1 171118 171444
3 133 0 136711 137168
6 134 1 176843 177198
2 135 0 198953 199405
1 136 1 123146 123404
0 137 1 163637 163891
3 138 0 184515 184841
8 139 1 190747 190910
4 140 1 153512 153622
0 141 0 132354 132638
5 142 0 188985 189321
6 143 1 101686 101768
4 144 0 115049 115153
0 145 0 173666 173792
7 146 0 194596 194708
8 147 1 128648 128835
1 148 0 181376 181837
7 149 0 155139 155559
9 150 1 189368 189824
1 151 0 109803 110146
8 152 0 130527 130847
4 153 1 195748 196184
0 154 1 187684 187711
5 155 0 152391 152546
1 156 1 151585 151942
2 157 1 112258 112303
2 158 1 107214 107675
3 159 0 134214 134232
5 160 1 121055 121074
7 161 0 135681 136102
8 162 0 120555 120860
6 163 0 198626 198973
2 164 1 147163 147166
9 165 0 106391 106784
7 166 1 113752 114249
6 167 0 139749 139946
8 168 0 106742 107140
5 169 0 104097 104531
6 170 1 135713 135996
8 171 1 161292 161349
8 172 1 143711 144073
7 173 0 152733 153084
2 174 0 134419 134426
8 175 0 112450 112551
7 176 0 120902 121178
2 177 0 109824 110222
6 178 0 102880 103092
5 179 1 176270 176644
3 180 0 116986 117254
7 181 1 179666 179746
2 182 1 192574 192884
0 183 0 186499 186783
1 184 0 101139 101194
1 185 0 132358 132850
7 186 1 174977 175187
9 187 1 148157 148171
9 188 0 119853 120087
8 189 1 164392 164595
1 190 0 140862 141261
1 191 0 124467 124955
3 192 0 189869 189995
1 193 1 118630 119013
6 194 0 121618 121637
8 195 1 127134 127603
7 196 0 102190 102643
4 197 0 132283 132665
5 198 0 161067 161126
5 199 0 102346 102490
7 200 1 137188 137553
8 201 0 178274 178301
7 202 1 110602 110988
1 203 0 122462 122852
2 204 0 199934 200244
0 205 0 106831 107199
5 206 0 100421 100454
2 207 0 166366 166645
9 208 0 182053 182286
1 209 0 186068 186353
1 210 0 118540 118599
3 211 0 101174 101523
4 212 0 145854 146194
2 213 1 142997 143135
0 214 0 181375 181417
6 215 0 192147 192528
2 216 1 150854 151197
7 217 0 110342 110412
7 218 1 188038 188538
6 219 1 170009 170174
8 220 0 166456 166638
7 221 0 135427 135504
7 222 0 168465 168682
4 223 0 183488 183615
2 224 0 154553 154879
1 225 0 176276 176724
1 226 0 177871 178151
5 227 1 123459 123742
6 228 0 105227 105727
9 229 0 148283 148640
2 230 0 118564 118688
2 231 1 158078 158264
8 232 0 168007 168478
2 233 1 196799 196892
4 234 0 131003 131442
7 235 0 153002 153202
6 236 0 186336 186405
8 237 1 171213 171492
4 238 1 103108 103192
0 239 0 125991 126114
1 240 0 121905 122229
8 241 0 193373 193779
8 242 0 196217 196269
2 243 1 174596 174743
4 244 0 128086 128156
0 245 1 169221 169443
2 246 0 120483 120631
8 247 1 139591 139939
5 248 0 195949 196016
0 249 1 167522 167734
5 250 0 180010 180331
3 251 0 144275 144616
1 252 0 119931 120405
8 253 0 106934 107288
0 254 0 121261 121330
0 255 0 196609 196921
6 256 1 181861 181939
9 257 1 176312 176567
1 258 0 110807 110999
4 259 1 187654 188045
6 260 1 173973 174025
4 261 1 163673 163964
1 262 0 144341 144450
4 263 0 119567 119917
4 264 0 176033 176121
9 265 0 106348 106832
0 266 0 137917 138314
4 267 1 133161 133407
7 268 0 120089 120311
9 269 1 129387 129738
0 270 1 182009 182079
2 271 0 122037 122319
5 272 0 113043 113445
7 273 1 125140 125500
4 274 1 196413 196869
0 275 0 154947 155276
7 276 1 123621 124098
0 277 0 156314 156782
1 278 0 152742 152761
6 279 0 158387 158544
5 280 1 108672 108786
5 281 0 105264 105722
6 282 0 147222 147401
7 283 0 119848 119938
4 284 1 160680 160868
0 285 1 128469 128630
2 286 1 116992 117225
6 287 0 156784 156939
8 288 0 105679 105921
2 289 1 173183 173412
7 290 1 129717 130110
2 291 0 171535 171647
0 292 0 128258 128359
4 293 0 134957 135182
7 294 0 170691 171139
0 295 0 192283 192440
8 296 0 115639 115929
7 297 1 195673 195697
9 298 1 174590 174887
6 299 1 175784 175993
3 300 0 172251 172360
7 301 0 124971 125244
2 302 0 130701 131084
8 303 1 137481 137737
7 304 0 199791 199962
7 305 1 132336 132509
9 306 1 140272 140418
3 307 1 164416 164458
6 308 1 142142 142405
0 309 0 111879 112007
2 310 1 183370 183766
3 311 0 159974 160348
8 312 0 182201 182580
0 313 1 113488 113504
5 314 1 193907 194145
7 315 1 106122 106184
0 316 1 127853 128319
8 317 0 108634 108905
6 318 1 165978 166268
1 319 1 109593 109861
3 320 1 162865 162883
8 321 0 165522 165665
0 322 1 191585 191805
6 323 1 110795 111254
3 324 1 110292 110500
0 325 0 110548 110594
5 326 1 197170 197182
5 327 1 146790 147086
7 328 0 131855 132147
7 329 0 100719 101066
4 330 0 129638 130029
5 331 0 105699 105910
9 332 0 147931 147996
4 333 0 127892 128060
3 334 1 107512 107994
4 335 1 128450 128724
2 336 1 155634 155657
0 337 1 147918 148302
3 338 1 117951 118077
8 339 1 176282 176324
1 340 0 191144 191443
3 341 1 184394 184413
7 342 1 134930 135119
5 343 0 192895 193063
7 344 1 174041 174223
9 345 1 140339 140785
4 346 0 166613 166659
8 347 0 100942 100968
9 348 0 198917 198988
7 349 1 134513 134773
1 350 1 195181 195434
3 351 0 184778 185257
6 352 0 115294 115352
1 353 1 154842 155023
6 354 1 167728 167780
0 355 0 146002 146385
1 356 1 147919 148330
9 357 0 144870 145016
0 358 1 132914 133094
9 359 1 132653 132895
7 360 0 196125 196522
2 361 0 121651 122003
2 362 0 197906 198078
2 363 0 167486 167639
5 364 0 197919 198372
4 365 0 139203 139255
8 366 1 171618 171871
3 367 1 100957 101340
2 368 0 120500 120950
3 369 0 152844 152919
4 370 1 192397 192718
6 371 0 120445 120491
8 372 1 144333 144436
3 373 0 197577 197772
2 374 1 194392 194591
2 375 1 182696 182875
3 376 0 144826 145258
6 377 0 183992 184068
7 378 0 189416 189663
7 379 1 147893 147900
6 380 1 153117 153473
5 381 1 171356 171458
0 382 0 191193 191568
6 383 0 124911 124925
3 384 0 182839 183031
6 385 0 104346 104634
6 386 0 132568 132809
4 387 1 195477 195560
7 388 1 144687 144723
8 389 0 162115 162384
8 390 1 130839 131283
3 391 1 184933 185374
5 392 0 121574 121929
3 393 1 112762 113166
8 394 0 193294 193418
1 395 1 144239 144566
4 396 0 168835 168939
6 397 0 186763 186823
6 398 1 139747 140141
6 399 1 125799 125941
9 400 1 109719 110121
8 401 0 135400 135486
3 402 1 142955 143328
2 403 1 145646 145816
5 404 0 154497 154677
9 405 0 181224 181653
3 406 1 117486 117852
0 407 0 100247 100335
5 408 1 181919 182280
4 409 0 119988 120107
4 410 0 145213 145470
3 411 0 144821 145042
2 412 0 180943 181324
5 413 0 169337 169619
4 414 0 192327 192766
8 415 0 168339 168456
6 416 0 141861 142280
1 417 1 166479 166959
1 418 1 112075 112459
5 419 1 190634 190745
5 420 0 151289 151681
2 421 1 163971 164135
5 422 0 192637 193097
3 423 0 128869 129338
7 424 1 105181 105204
8 425 1 114160 114563
9 426 0 154582 154745
8 427 0 188646 188778
3 428 0 161345 161547
1 429 1 161953 162403
2 430 1 104749 104793
6 431 0 125201 125574
3 432 1 141655 141871
3 433 0 130561 130786
3 434 0 143493 143794
0 435 0 155722 155781
3 436 1 133278 133704
9 437 0 100086 100541
9 438 1 194343 194417
3 439 1 141572 141828
2 440 1 149337 149399
3 441 1 138104 138482
9 442 1 160097 160180
0 443 0 112071 112495
7 444 1 130211 130511
7 445 0 159837 160241
5 446 1 188099 188193
5 447 1 101363 101775
5 448 1 146917 147070
9 449 0 177414 177518
3 450 0 124328 124762
2 451 0 191305 191760
0 452 0 164718 164856
9 453 1 168580 168871
7 454 0 159511 159935
0 455 1 141882 142116
6 456 1 147423 147837
9 457 1 172584 172712
0 458 1 189385 189577
5 459 0 137380 137469
4 460 1 154049 154295
8 461 0 173921 174266
3 462 1 129587 129822
6 463 0 112542 112694
8 464 1 140193 140478
9 465 1 167723 168143
5 466 1 188997 189454
4 467 1 184328 184533
1 468 1 106733 106885
6 469 1 146669 146928
7 470 0 110286 110567
2 471 0 130721 130790
2 472 1 135528 135590
7 473 1 151098 151366
8 474 1 157953 158384
3 475 1 194652 195121
8 476 1 105819 106293
9 477 1 179662 179817
3 478 0 111181 111196
7 479 1 151077 151214
6 480 1 160652 160728
5 481 1 177957 178429
5 482 0 133011 133374
8 483 1 130272 130425
2 484 1 153621 154007
0 485 0 149737 150098
4 486 1 105678 106156
2 487 0 193471 193687
1 488 1 101127 101370
5 489 0 104636 104875
3 490 1 109097 109228
7 491 1 132355 132429
0 492 1 115359 115824
1 493 0 195902 196390
2 494 0 193207 193317
4 495 1 180491 180810
1 496 1 171225 171589
5 497 1 117745 118123
0 498 0 199722 200033
2 499 0 188228 188620
7 500 1 192475 192920
0 501 0 160420 160443
2 502 0 152045 152248
0 503 1 137236 137365
5 504 1 111519 111582
9 505 1 145751 146187
8 506 1 162196 162213
7 507 1 129372 129463
6 508 1 187742 187917
8 509 0 162716 162795
7 510 1 115189 115559
9 511 0 145206 145580
4 512 0 185301 185395
0 513 1 146011 146164
7 514 0 191503 191921
8 515 1 159605 159654
5 516 0 144030 144431
6 517 1 178570 178726
1 518 1 118524 119012
7 519 0 139824 140255
5 520 0 143144 143550
0 521 1 154443 154698
3 522 1 103613 104113
8 523 1 114898 114898
7 524 1 147729 147778
5 525 0 142748 143048
8 526 1 105145 105472
4 527 0 148876 149064
2 528 1 136702 137089
2 529 1 172726 173117
1 530 1 101777 101798
7 531 1 184741 185099
1 532 0 166926 167421
8 533 1 148849 148919
6 534 0 178088 178223
9 535 0 152799 152923
9 536 1 123499 123746
6 537 0 195274 195577
9 538 0 194029 194274
3 539 0 157330 157759
6 540 0 178041 178158
9 541 0 136858 136996
1 542 0 107645 107852
5 543 0 163541 163545
4 544 1 166149 166326
4 545 1 195465 195912
6 546 1 185643 185869
2 547 0 193015 193262
2 548 1 155313 155369
8 549 0 137218 137388
2 550 1 158143 158497
4 551 0 166126 166458
8 552 1 141927 142221
5 553 1 112754 112998
6 554 0 122011 122350
8 555 1 144197 144558
9 556 1 147853 148021
1 557 1 175153 175425
4 558 1 181184 181255
1 559 0 126094 126367
5 560 0 118831 118877
3 561 1 159292 159725
5 562 0 150156 150459
8 563 1 144725 144806
1 564 1 163232 163490
7 565 1 192850 193303
7 566 0 184533 184650
6 567 0 172907 173246
9 568 1 132292 132431
3 569 0 158152 158595
2 570 1 146210 146257
9 571 0 127599 128035
7 572 0 171850 171986
3 573 1 125837 125897
5 574 0 162268 162562
4 575 0 108051 108291
4 576 0 196170 196650
8 577 1 155526 155898
1 578 0 151097 151557
8 579 1 139328 139733
2 580 1 153485 153856
8 581 0 119149 119530
8 582 0 165700 165984
6 583 1 166303 166310
8 584 0 136326 136516
9 585 1 106973 107169
9 586 0 105495 105627
1 587 1 157644 157784
3 588 1 179924 180181
1 589 1 186562 186999
8 590 0 172070 172352
1 591 0 111522 111706
9 592 1 139661 139947
9 593 1 138587 138614
9 594 0 178417 178860
6 595 0 164450 164624
7 596 0 144476 144560
4 597 1 160203 160360
4 598 1 163901 164178
2 599 0 181262 181396
3 600 1 113960 114265
0 601 0 110483 110824
7 602 0 192707 192713
2 603 0 155476 155572
4 604 1 165055 165530
0 605 0 193218 193454
1 606 0 172092 172259
6 607 1 101501 101674
6 608 1 179868 180048
9 609 1 126053 126112
3 610 1 106963 107264
4 611 0 158208 158419
3 612 1 184447 184837
8 613 1 148863 149314
0 614 0 153762 154088
2 615 0 143477 143965
4 616 0 129555 129618
7 617 0 112996 113344
0 618 1 125438 125613
4 619 0 192775 193235
3 620 0 115933 115960
1 621 0 187547 188001
2 622 0 161570 162061
8 623 0 187742 187791
3 624 0 188346 188534
4 625 0 124793 125213
9 626 0 121397 121816
6 627 1 137827 138115
6 628 1 182848 183042
8 629 0 160031 160264
8 630 0 157682 158092
7 631 1 188509 188791
0 632 1 187588 187872
6 633 1 101485 101827
0 634 1 125349 125461
3 635 0 111778 111914
8 636 0 125331 125569
9 637 1 180614 181085
0 638 0 160574 161022
5 639 0 129261 129344
6 640 1 110312 110793
6 641 0 196697 196724
4 642 0 158967 159066
6 643 1 175588 175625
9 644 0 168137 168617
3 645 0 118812 118846
7 646 1 152187 152464
6 647 0 127864 128119
6 648 1 186831 187021
9 649 1 173828 173857
1 650 1 185415 185801
2 651 1 180055 180553
9 652 1 113038 113210
7 653 1 152602 152957
3 654 0 111511 111917
0 655 1 123912 124259
3 656 1 126109 126506
4 657 1 128973 129313
8 658 1 128013 128284
3 659 1 173128 173400
5 660 1 112515 112614
4 661 1 115501 115506
9 662 0 166087 166312
0 663 1 122072 122534
8 664 0 184314 184594
3 665 0 192664 192785
9 666 1 179816 180259
5 667 1 184339 184381
2 668 0 123102 123120
2 669 1 138349 138652
3 670 0 139770 139928
7 671 0 120253 120467
7 672 1 104677 105093
5 673 1 102071 102342
7 674 0 163058 163213
2 675 0 129102 129311
8 676 0 124408 124628
1 677 0 186963 187321
6 678 1 161749 162098
4 679 1 108913 109319
8 680 1 118081 118546
6 681 1 183417 183679
4 682 0 168709 168904
0 683 0 170781 170813
2 684 0 140236 140707
1 685 0 105041 105102
7 686 1 135645 135728
3 687 1 133319 133683
4 688 0 157782 157866
9 689 1 114710 114963
4 690 0 180520 180888
3 691 1 114974 115427
9 692 0 161090 161291
3 693 0 120569 120934
5 694 0 102873 102917
6 695 0 120895 121362
8 696 0 177850 177933
4 697 1 162483 162712
7 698 0 119575 120019
4 699 0 118584 118959
9 700 0 108500 108718
2 701 0 157752 157932
6 702 1 130670 130791
0 703 1 187185 187471
2 704 1 175530 175895
0 705 1 172295 172472
4 706 1 130495 130543
6 707 0 145086 145577
6 708 0 158892 159349
3 709 0 143400 143680
3 710 0 196615 196792
3 711 0 162867 162958
2 712 0 139671 139802
2 713 1 152134 152249
0 714 1 132733 133011
0 715 0 108438 108586
0 716 1 109786 110031
8 717 1 174142 174165
8 718 1 121135 121609
6 719 1 174957 175111
2 720 1 121545 121584
8 721 1 155848 155950
6 722 1 113469 113728
9 723 1 118936 119226
9 724 0 194255 194305
5 725 0 144853 145014
3 726 1 165504 165985
9 727 1 175937 176017
9 728 0 149244 149512
4 729 1 189021 189262
6 730 0 154886 155189
7 731 1 189710 189877
9 732 0 139719 139871
9 733 1 113728 113770
4 734 1 171419 171848
8 735 0 137695 138089
6 736 1 199189 199469
4 737 1 180023 180508
5 738 1 154455 154921
5 739 1 140954 141174
7 740 1 177147 177499
8 741 0 186770 187067
7 742 0 143992 144073
3 743 1 118154 118292
2 744 1 185297 185418
4 745 1 112890 113293
8 746 1 152472 152657
6 747 0 165795 166057
6 748 0 152813 153080
0 749 0 168222 168519
5 750 0 158678 158881
5 751 0 197674 197891
1 752 0 197642 198114
6 753 0 156585 156609
5 754 1 172851 172991
8 755 0 120583 120768
9 756 1 118451 118473
1 757 0 164820 165120
2 758 1 131135 131206
1 759 0 128837 128892
1 760 1 128778 129081
3 761 0 111971 112239
7 762 1 164741 164865
7 763 1 136460 136844
9 764 0 178396 178799
6 765 0 112414 112494
6 766 1 174060 174375
3 767 0 159926 160241
6 768 0 189001 189019
1 769 0 173260 173636
9 770 1 143002 143431
3 771 1 173257 173612
7 772 0 174121 174181
1 773 0 100119 100224
9 774 0 190473 190677
8 775 0 147219 147691
6 776 0 146238 146635
0 777 1 126547 126697
2 778 1 109756 109987
2 779 1 141706 141860
9 780 1 157124 157160
3 781 1 140128 140309
6 782 1 165540 165935
9 783 0 160754 161077
0 784 0 162549 162863
7 785 0 194366 194734
1 786 1 161119 161511
1 787 1 133313 133813
0 788 0 196689 196833
1 789 0 130658 130969
8 790 0 151211 151522
5 791 0 124725 124895
4 792 0 167899 168261
8 793 1 140410 140775
6 794 1 127240 127258
7 795 1 132388 132884
4 796 1 103651 104086
8 797 0 181082 181528
1 798 1 125511 125943
5 799 0 128661 128852
0 800 0 198851 199192
4 801 0 121103 121133
7 802 0 151940 152222
5 803 1 196410 196562
6 804 1 127918 128313
4 805 1 180310 180516
8 806 0 152432 152543
1 807 1 180434 180876
3 808 0 137930 138229
9 809 1 154490 154774
1 810 1 129991 130167
9 811 0 146216 146404
4 812 1 144757 145134
3 813 0 176715 176901
4 814 1 105831 105915
9 815 1 197363 197418
9 816 1 123995 124451
7 817 1 143112 143306
7 818 0 142120 142615
0 819 1 164131 164343
7 820 1 115355 115430
2 821 1 125923 126306
8 822 1 187802 187964
8 823 1 144925 145132
5 824 1 119947 120427
4 825 0 139607 139694
7 826 1 129977 130218
7 827 0 120870 121043
4 828 1 153115 153169
5 829 1 124441 124535
2 830 0 116945 117166
8 831 1 132941 132958
4 832 0 123299 123474
3 833 0 180355 180361
9 834 1 171795 172271
7 835 1 150931 151231
3 836 0 110732 110886
4 837 0 116549 117016
8 838 0 150923 151179
1 839 1 105436 105834
7 840 0 165827 166112
7 841 1 151556 151882
8 842 1 128679 128906
9 843 1 165673 166126
3 844 0 153829 154039
3 845 0 130655 130751
4 846 1 152521 153019
3 847 0 182446 182540
1 848 1 175086 175182
0 849 0 193580 193624
9 850 1 119500 119923
8 851 0 145204 145262
0 852 1 165009 165341
7 853 0 165920 166104
6 854 1 181799 181844
8 855 0 149304 149750
5 856 0 186121 186364
0 857 0 180356 180812
4 858 1 126666 126710
4 859 1 117988 118168
1 860 0 127818 128024
6 861 0 189260 189493
4 862 1 100988 101176
8 863 0 199208 199653
4 864 0 167618 168034
9 865 1 195240 195295
3 866 1 165160 165420
1 867 1 116104 116351
1 868 1 195207 195282
6 869 0 118928 118982
6 870 0 131816 132215
4 871 1 133473 133686
8 872 1 142714 142722
9 873 0 159630 159809
6 874 0 137630 137705
8 875 1 136832 136865
8 876 0 161775 162009
6 877 0 135897 136255
6 878 0 125690 125981
9 879 0 138244 138290
1 880 0 100526 100598
1 881 1 114139 114456
1 882 0 179614 179927
8 883 0 162123 162280
4 884 1 168936 169114
8 885 1 112923 113054
9 886 1 137002 137231
9 887 1 123433 123456
4 888 1 153339 153521
7 889 0 152075 152452
1 890 0 124543 124760
3 891 1 170102 170493
7 892 1 196527 196947
4 893 0 153139 153406
5 894 1 195565 195689
1 895 1 142586 142989
3 896 1 196330 196617
9 897 0 181877 182255
9 898 0 105258 105514
7 899 0 181707 181897
4 900 1 180486 180806
7 901 0 127357 127403
7 902 0 111753 112047
1 903 1 170024 170222
0 904 1 115109 115186
2 905 1 163332 163369
5 906 1 143491 143943
5 907 0 123659 124030
2 908 1 128712 129210
5 909 0 192602 192756
2 910 1 199186 199499
0 911 0 138499 138953
7 912 1 162983 163393
8 913 0 186132 186143
8 914 0 129602 129841
2 915 1 197958 198024
2 916 0 183286 183582
0 917 1 189537 189715
3 918 1 144193 144219
1 919 0 146349 146367
3 920 0 181307 181458
7 921 0 122374 122699
2 922 1 101583 101664
7 923 1 149839 150270
7 924 0 100869 101324
0 925 0 121138 121611
6 926 1 188487 188816
3 927 0 147600 147670
8 928 0 167356 167796
6 929 0 138625 138823
4 930 1 157916 158412
3 931 0 169465 169594
5 932 0 175791 176236
9 933 1 173921 174375
3 934 1 130296 130687
7 935 1 111274 111468
8 936 0 160568 160609
4 937 0 178886 179245
6 938 0 166954 166967
3 939 1 129859 129942
2 940 0 112561 112799
5 941 1 149993 150278
3 942 1 169942 170372
4 943 1 175896 175935
5 944 0 113109 113179
9 945 1 132743 132858
6 946 1 180900 181105
1 947 0 108046 108344
2 948 1 167090 167578
0 949 1 118345 118787
9 950 1 118855 118965
3 951 0 181494 181938
5 952 1 100443 100677
8 953 1 173523 173609
0 954 1 155434 155829
9 955 1 186458 186849
0 956 1 126257 126517
0 957 0 106884 107356
9 958 1 187646 188107
0 959 0 194082 194247
4 960 0 151718 152169
1 961 1 137039 137323
1 962 1 175408 175696
3 963 0 186295 186566
9 964 1 149271 149393
2 965 0 148536 148669
4 966 0 195932 196082
9 967 1 166425 166558
1 968 1 138685 138901
1 969 1 163220 163443
8 970 1 100950 101441
9 971 0 108632 108897
1 972 1 171108 171293
8 973 1 153982 154456
1 974 1 185148 185515
2 975 0 146805 146858
3 976 0 194995 195298
4 977 1 135376 135547
6 978 0 160284 160421
5 979 0 194149 194476
7 980 0 194513 194662
0 981 1 181697 181971
9 982 1 196720 197100
2 983 1 106838 107218
5 984 1 118592 118668
8 985 0 115242 115361
6 986 0 177364 177372
7 987 1 173831 174306
1 988 1 190768 191218
8 989 1 189497 189500
0 990 0 197534 197538
8 991 0 148166 148387
0 992 1 121631 121896
8 993 1 166921 167202
7 994 1 113618 113661
4 995 1 131683 131933
4 996 0 108836 108841
0 997 0 134023 134041
5 998 0 161544 162013
3 999 0 183190 183614
