2 4 0 0 108151 108296
5 0 1 0 111167 111491
1 2,0 2 0 178698 179181
6 4,3 3 1 142364 142696
3 3,0 4 0 107962 108031
3 0 5 0 137880 138366
2 2,1 6 1 180398 180440
1 1 7 0 165574 165854
5 4,5 8 0 136789 137119
8 5,2 9 0 143590 143696
9 4,4 10 1 184540 185028
5 2,1,3 11 0 136215 136649
8 2 12 0 195398 195518
4 0,2 13 0 122735 122981
0 2,2 14 0 182438 182640
3 1,5,2 15 1 189664 190042
2 3 16 0 163001 163402
5 0,3,2 17 1 145865 146317
7 0,2,1 18 1 132741 132965
4 5 19 1 187841 188197
8 4 20 1 138608 139038
1 1,5,3 21 1 103131 103151
1 5 22 1 170369 170797
8 1 23 0 125599 125837
5 5,3,3 24 1 147508 147796
7 0,2,4 25 1 164953 165123
5 0 26 0 198751 199210
9 2,4,3 27 0 162646 162965
5 2,0 28 0 110747 110758
7 5 29 0 158445 158558
5 0,0 30 0 176144 176555
3 5 31 0 115204 115390
6 2 32 0 162222 162677
5 0 33 0 119715 119752
8 4,1 34 1 133405 133902
3 3 35 1 102880 102911
7 2 36 0 136337 136396
8 2,2,4 37 1 102059 102519
9 2,5,4 38 0 166788 166826
7 1,2 39 1 123647 124098
1 3,4 40 0 160603 160924
3 3 41 1 180278 180777
8 0,3,3 42 1 175274 175279
0 1,5 43 1 117875 118104
8 2,4,5 44 1 103770 103792
9 2,3 45 1 167037 167472
7 0,4 46 1 181498 181518
6 4,0 47 0 190405 190681
8 1 48 0 126419 126763
4 4 49 0 194881 195145
0 1,4,3 50 1 120237 120568
2 0 51 1 140334 140463
8 5 52 1 126455 126916
4 4 53 0 178529 178808
7 5 54 0 170007 170212
1 3,2 55 1 199684 199717
2 0,0 56 0 197762 198135
2 0,3,1 57 1 140151 140266
6 4,1,0 58 1 128779 129248
5 1 59 0 101974 102452
8 2,1 60 0 140942 141029
6 5,4 61 0 105924 106237
5 1 62 1 169535 169720
7 0,3,3 63 1 116730 117086
9 0,5 64 0 155955 156288
3 5 65 0 117055 117078
5 3,1,5 66 0 148197 148521
0 0,0 67 0 178358 178544
4 4,2 68 0 157601 157878
9 4 69 1 184128 184216
4 5,1,2 70 0 176239 176362
4 0 71 1 108340 108654
2 5 72 1 140679 141154
4 5,0 73 0 104490 104968
0 5 74 1 127608 128075
7 3,3 75 0 195844 196274
1 4,1 76 0 184628 185013
7 3,3 77 1 187155 187570
4 2,0,4 78 0 119653 119991
0 3 79 1 176849 177192
3 0,5,5 80 1 146755 146910
4 4 81 0 109924 110294
3 4 82 1 165162 165234
8 3 83 1 106115 106155
6 1,4 84 0 121198 121362
1 4 85 1 124290 124326
3 4,5 86 1 182101 182236
4 3,3 87 1 178734 178753
0 1,1,4 88 1 114846 114918
2 3,3,5 89 0 109154 109289
2 2,0 90 0 194342 194585
0 3,4 91 1 191378 191475
1 2,2,5 92 0 161047 161422
0 3,3 93 1 179041 179347
1 0,4 94 1 189881 190280
7 2,2 95 0 111718 111857
8 3,0 96 0 166712 167079
4 1,3 97 1 169506 169740
4 3,1,2 98 0 151561 151664
8 5,4,2 99 0 155009 155036
8 3 100 1 183099 183546
3 5 101 1 104927 105077
2 3,4 102 1 129666 129768
1 1,4,0 103 0 164571 164927
9 1 104 0 187641 187847
8 5,0,1 105 1 125819 125919
3 2,3,5 106 1 181234 181500
5 0 107 0 161143 161517
4 1 108 0 146840 147231
5 3,5,1 109 0 162172 162571
6 5 110 0 101917 102189
7 4,3,5 111 0 186720 187002
8 4,4 112 1 116439 116857
8 0,2,5 113 0 197586 197645
3 1 114 1 130145 130179
5 1,5,0 115 1 197681 197794
1 3 116 1 113766 114074
3 4,1 117 1 141440 141634
0 3,2 118 0 138603 138786
6 2,3 119 1 183459 183904
2 3 120 0 112647 112701
4 4,1 121 0 179401 179806
3 2,0,2 122 1 107038 107249
9 5,2 123 0 193727 193865
0 5 124 0 188684 188751
2 4 125 1 198371 198457
8 4,5,1 126 0 131075 131573
0 0,3 127 1 158533 158878
3 2,4 128 1 107298 107617
7 1,2 129 0 186584 186669
9 2,0 130 1 198676 198882
0 4,4,0 131 1 112479 112568
3 4 132 1 145643 145798
6 0 133 0 181333 181770
2 5 134 1 178479 178850
8 3,2,1 135 0 102238 102251
0 4,5 136 0 144433 144841
5 3 137 0 133315 133380
5 1,1,1 138 1 107134 107166
1 4,2,4 139 0 160480 160566
1 0,2 140 0 175786 176280
5 2 141 0 189649 189873
9 4,3 142 1 168728 168831
5 5,3,2 143 1 133291 133675
3 2,5 144 1 141426 141628
3 3,5,2 145 1 107933 108153
6 2,2 146 0 110104 110520
6 5,5,2 147 0 104567 104596
7 2 148 0 108597 108918
5 2,2 149 0 150581 150877
9 4 150 0 126436 126676
3 2,5,5 151 1 150210 150652
0 5,5,5 152 0 189637 189933
6 0,3,4 153 1 183586 183872
7 4,4,5 154 1 101222 101603
0 0,4,0 155 0 199490 199713
1 4 156 0 182146 182498
2 4 157 1 180418 180534
2 5 158 1 163431 163680
9 5 159 1 133079 133556
1 3 160 0 181817 182199
1 0,3 161 0 106300 106632
4 2,2 162 1 161546 161695
0 3 163 1 111482 111725
2 3,5,4 164 0 196272 196311
4 4,2 165 0 170671 170925
5 5 166 1 111252 111348
5 2 167 1 108715 109045
5 3,3,0 168 1 123142 123467
6 0,1 169 0 120495 120974
9 4,5,1 170 1 174139 174619
5 4,1,0 171 0 109846 109966
0 4 172 1 172409 172832
5 3,1 173 0 192949 193115
3 5 174 0 133818 134171
3 5,3,0 175 0 101582 101712
3 3,5 176 0 119246 119645
2 1,0 177 0 103266 103762
6 1 178 0 152378 152768
4 4,4,0 179 0 154933 155323
2 4,4 180 0 168290 168646
1 1,3,3 181 0 144411 144858
1 3,1 182 1 129162 129202
2 1,1,3 183 1 102300 102636
7 5 184 0 196240 196341
4 4,5,3 185 0 186435 186836
3 2,1 186 0 126907 126952
5 5 187 1 103102 103440
1 0,0,4 188 1 172836 173120
3 0 189 0 107572 107812
8 2,5 190 1 135220 135392
3 4,0 191 1 130818 131244
5 3,0 192 1 168659 168983
3 5,4,4 193 1 179052 179524
6 5 194 1 163060 163277
5 2,0,5 195 1 179510 179638
3 1 196 1 190620 191076
9 1 197 1 158194 158394
4 0,0,2 198 0 156707 156896
8 2,0,3 199 0 167623 168069
7 2,2 200 0 144546 144585
1 1,1,5 201 0 134912 135057
7 5,2,3 202 1 112486 112507
6 1,0,0 203 0 140702 140820
3 3,3,1 204 0 197059 197402
9 2 205 1 164249 164470
4 3,5 206 0 133600 133746
1 3,2 207 1 173347 173428
5 3,0 208 0 126553 126917
4 4,5 209 1 140437 140864
4 3 210 0 101785 101792
8 0,2 211 0 164095 164390
4 1,0 212 1 183115 183605
3 1,0,1 213 1 129015 129422
3 4 214 0 130583 130647
4 1,0 215 1 159698 160140
2 5,3,1 216 1 107182 107454
2 3,3,0 217 0 104734 104751
2 0 218 0 105895 106101
8 3,2 219 1 164592 164598
9 2,0 220 1 183990 184468
6 2 221 1 172641 172723
3 3,3 222 1 181464 181665
7 0,5 223 1 146059 146103
1 1,2 224 1 180379 180792
5 0,4,3 225 0 141288 141553
1 2,5 226 1 194358 194445
2 1,3 227 1 193714 193964
4 2 228 1 112329 112450
0 0,3 229 0 111962 112104
9 1 230 1 170891 171035
0 0 231 1 106772 107230
2 0,5,4 232 0 112949 113015
3 3 233 1 122423 122655
1 5 234 0 172197 172201
8 0,0,5 235 0 165888 166166
2 4,0,2 236 0 130134 130135
8 2,1 237 0 148102 148311
9 0 238 1 134003 134091
8 5 239 1 134021 134061
9 2,3 240 0 152975 153336
4 4 241 0 158698 158745
2 0,2 242 1 135882 135913
9 1,4,3 243 0 167492 167656
9 1,2 244 1 167143 167591
2 5,2 245 0 116214 116278
2 5,2 246 0 183570 183682
5 1 247 1 175064 175104
2 0,5 248 1 195474 195656
7 5,4,5 249 1 166748 166802
4 2 250 0 101708 102146
7 2 251 0 137404 137679
8 4 252 0 100450 100661
6 4 253 0 169957 170115
1 3,0,3 254 1 111320 111327
6 5,4 255 0 163562 164000
4 1 256 0 109783 109861
5 4,0 257 0 193867 193936
0 3 258 0 118354 118786
4 1,0 259 1 167475 167883
9 2,2 260 0 104825 105025
9 3,4 261 0 187301 187330
7 3,0,2 262 1 117102 117553
7 0 263 0 120227 120526
3 2 264 1 125458 125899
0 5 265 1 157952 158102
9 4,0,4 266 1 107606 107791
0 3 267 0 192095 192309
9 0,5 268 1 181059 181317
1 4,2 269 1 112284 112473
8 3,4,0 270 1 158328 158480
6 1,1,3 271 1 147789 147998
7 3,3,3 272 0 131190 131263
3 4 273 0 106974 107193
1 3,2 274 0 112473 112681
0 0 275 0 176912 177057
4 5,2 276 0 102142 102144
0 3 277 0 106441 106698
7 2 278 1 141776 142222
1 3,3 279 0 173241 173384
2 1 280 1 147036 147428
1 1 281 0 105315 105502
1 4,5 282 0 167701 167754
3 2,1 283 1 124062 124099
5 0,0,4 284 0 145700 145775
2 1,0 285 1 154191 154656
6 1 286 0 184175 184420
1 3,2 287 1 149784 150000
0 4 288 0 172143 172570
3 1,2 289 0 121631 122098
0 2,1 290 1 137771 137946
7 5 291 0 199746 200162
5 3 292 0 122380 122539
5 1 293 0 185888 186099
7 4 294 0 159961 160278
6 1,2 295 1 173644 173740
2 0,3,3 296 1 149008 149422
4 3 297 0 139554 139768
8 3 298 0 148623 148963
7 5,0,1 299 0 153085 153180
5 2 300 1 135360 135394
4 5 301 1 163208 163517
7 3 302 0 175229 175621
2 4,5 303 1 155187 155607
2 3,3 304 0 163086 163292
2 4,5,4 305 0 116036 116235
2 2,5 306 0 167410 167853
7 4,0 307 1 167606 167968
8 0,1,5 308 1 137978 138329
1 4,0,5 309 1 151254 151363
9 5,5 310 0 166756 166819
9 0 311 1 109917 109993
4 4,3,0 312 0 108010 108430
4 4,2,5 313 0 147785 147979
5 3,2 314 0 163494 163602
4 0 315 0 120262 120478
0 0,2,2 316 1 112742 112827
3 4 317 0 154052 154270
6 4,2,0 318 0 126367 126443
9 1,5,0 319 1 166159 166611
9 3,0,4 320 1 132239 132324
9 3,0 321 0 100515 101005
3 3,1 322 1 130869 130954
6 0,3 323 1 197697 198193
2 2 324 1 134794 134819
7 1,2,4 325 0 117289 117539
1 5,4,1 326 1 183535 184032
1 1,1 327 0 150804 151246
7 0 328 1 125708 125811
1 3,0 329 1 117303 117514
9 4,2,1 330 0 121511 121670
1 2 331 1 194659 194699
5 3,3,1 332 0 175332 175735
3 0 333 1 190241 190517
3 1 334 1 118741 118998
3 5,5 335 0 131819 132313
1 4,4 336 0 132117 132502
6 4,5 337 1 158286 158322
1 1,0,0 338 0 184875 184910
0 1 339 0 117356 117790
1 0,2 340 1 185653 186122
7 2 341 1 148046 148428
4 0,2 342 0 134159 134318
5 5,1,2 343 1 137056 137456
8 0,5 344 0 191168 191276
1 1,2 345 0 102820 102979
9 2,1 346 1 167897 168083
2 0,3,1 347 0 193183 193452
1 5,3 348 1 116757 117208
3 2,3 349 0 117639 118071
6 2,3,2 350 1 112393 112584
5 3 351 0 196450 196781
7 4,0,4 352 1 121287 121454
4 3 353 0 122013 122179
1 5,4 354 0 184375 184456
2 4,3 355 1 196210 196228
1 3,2 356 0 172048 172206
6 0,0,2 357 1 140519 140694
4 4,5 358 1 103388 103679
1 2 359 0 100329 100612
3 5 360 0 174524 174972
7 4 361 0 117985 118016
3 5,1,3 362 0 184419 184472
9 5,2 363 1 116308 116600
6 2 364 1 195996 196094
8 2,0 365 0 179393 179810
8 5 366 1 112235 112594
0 3,3 367 0 160910 161032
4 2,1 368 0 164710 165173
1 2,4 369 1 169352 169430
1 1 370 1 157188 157467
2 3 371 1 131932 132009
8 1 372 1 187790 187851
2 1,1,2 373 0 151926 152397
4 3,4 374 1 147970 148100
8 2,2,5 375 0 157723 158131
3 4 376 1 114164 114260
6 5,2,4 377 0 136719 136981
5 2,5,3 378 0 185325 185437
7 1,0,4 379 0 150278 150494
0 1,4,4 380 1 121166 121169
6 4 381 0 151740 151749
8 1 382 1 114862 115143
3 2 383 0 184985 184986
5 1 384 0 172442 172617
9 5,0 385 1 197270 197728
1 3 386 1 168187 168303
6 0 387 1 121708 122097
9 1,0 388 0 159364 159689
9 5 389 0 171028 171118
1 0,4 390 0 118693 118801
2 3 391 0 159674 159832
4 0,1,1 392 1 172345 172555
0 3,2 393 1 175275 175315
9 2 394 1 108057 108220
5 5,0,2 395 1 156825 157194
4 2,2,0 396 1 119339 119691
9 3 397 0 129778 130256
0 0,5 398 0 129409 129599
8 5 399 0 126882 126909
3 5,5 400 1 108223 108331
1 4,0,4 401 1 127880 128255
7 2,5,2 402 0 153669 153979
3 0,5 403 1 136905 137061
7 1 404 1 147264 147513
2 4,4,2 405 1 113183 113440
3 4,4 406 0 167724 168097
8 5 407 1 135752 136068
0 2 408 1 128734 128760
7 0,3 409 0 107526 107927
6 0 410 1 139238 139608
1 2,2,5 411 1 121344 121830
0 1,1 412 0 155516 155773
0 1,0 413 1 136255 136492
5 5 414 1 156923 157397
8 2,5,4 415 0 168946 169106
9 0 416 1 127962 128264
2 0,1,2 417 1 130636 130772
1 5,3 418 0 181742 181843
7 3,5,1 419 0 159601 160091
3 1 420 1 127230 127680
5 5,2 421 0 123070 123106
4 1,1,5 422 1 144549 144555
4 0,2,1 423 0 189094 189250
1 2,1,5 424 1 160332 160360
3 3 425 0 186628 186841
8 4,4 426 0 177420 177680
6 4,1 427 0 166796 166997
4 0,4,5 428 0 139731 139775
0 1,3,1 429 0 140895 141216
8 0 430 0 189121 189608
4 3,1,5 431 1 107243 107253
3 5,2,0 432 1 185582 185698
9 3 433 0 186369 186649
2 2 434 0 195427 195673
1 3,5 435 0 103232 103251
1 4,3,3 436 0 140518 140983
6 1,2,5 437 0 191399 191696
0 3 438 1 146862 147337
5 0 439 0 112301 112474
2 5,4 440 0 131109 131428
6 4,4 441 1 178736 179030
3 3 442 1 192138 192284
6 4 443 0 128311 128639
8 3,0 444 1 117095 117268
2 1 445 1 179389 179810
6 2 446 0 191281 191687
5 4,1 447 0 118847 118926
4 1 448 1 132525 132571
9 4,2 449 1 149322 149584
6 1,0,0 450 0 162229 162567
0 2,4 451 0 174722 174864
3 1,2 452 1 151435 151462
2 1,3,1 453 0 162152 162320
6 5,0,1 454 0 129690 129934
4 5 455 0 186905 186951
0 3,1 456 1 118491 118545
7 0,0 457 1 195300 195447
3 2,5 458 1 133716 134100
4 1 459 0 187056 187178
1 5,3,2 460 1 187761 187946
8 5 461 1 162804 163014
2 1 462 0 143240 143285
6 3 463 0 146258 146576
6 0,0,3 464 0 109182 109528
0 1,4,1 465 1 131920 132090
3 3 466 1 186642 187058
6 5,1,4 467 0 165445 165715
8 1 468 1 109263 109455
1 4 469 1 105272 105502
7 0,4,0 470 0 155803 156028
7 0 471 0 160158 160235
6 0 472 0 110611 110801
4 3 473 1 172396 172487
6 5,4,0 474 1 102552 102634
6 2,2,5 475 0 175492 175879
6 5 476 0 162308 162717
8 1 477 0 126091 126206
8 5,1,5 478 1 142584 142691
6 4,5,5 479 0 114491 114749
1 4,1 480 0 155368 155636
6 4 481 1 172289 172573
2 3,2 482 1 193736 194150
7 4,0,3 483 0 159197 159399
7 2,3,1 484 0 197717 197990
8 3,3,3 485 1 178389 178403
5 5,2,5 486 0 188154 188567
5 3,0 487 1 156954 157314
7 1 488 1 105152 105250
7 5 489 0 112006 112310
2 0,5,4 490 0 106791 107053
7 3 491 1 186877 187287
0 3,4,1 492 0 151445 151786
7 0 493 0 163652 164024
7 5 494 1 164387 164420
6 3 495 1 160516 160841
1 5,5,3 496 0 196155 196648
0 5,0,3 497 1 184381 184861
9 3,3 498 1 120079 120401
2 2 499 1 163699 163828
7 2,1 500 0 177285 177753
0 2,3 501 1 124471 124526
3 3 502 0 143003 143426
4 5 503 1 110541 110878
3 2 504 1 182712 182790
1 2,3,0 505 0 147309 147638
6 3,1,1 506 0 147611 147862
1 1,2 507 1 173859 174079
6 5 508 1 138334 138459
8 0,5 509 0 155689 155832
7 0,1,3 510 0 170072 170135
5 3,1 511 0 116144 116362
5 2,3 512 1 156283 156620
7 2,2 513 1 169790 169964
2 2,2,5 514 1 159042 159060
0 0 515 0 196400 196689
3 0 516 0 112554 112846
7 0,3,4 517 0 194351 194778
2 1,0,2 518 0 181823 182315
7 1 519 0 114835 115032
3 2,0 520 1 148834 148849
7 1,0,2 521 1 114102 114419
9 2 522 0 180031 180188
3 3 523 1 121918 122162
5 2,5,4 524 0 158888 159341
9 4 525 1 113078 113457
0 0,3,1 526 1 100243 100578
1 4,1,4 527 1 155020 155035
6 3,4 528 0 123003 123004
9 4 529 0 111702 111953
8 1,1 530 0 172361 172846
5 2,4,3 531 0 171616 172008
2 5 532 0 156668 156722
8 0,1,2 533 0 177093 177381
9 1,2,0 534 1 186172 186302
5 2 535 0 122096 122373
2 3,0 536 0 125551 125661
5 0,0,0 537 0 132044 132336
2 0 538 1 140470 140850
7 0,4 539 1 105343 105842
1 4,4 540 0 157106 157358
4 0,3 541 1 181110 181193
8 2 542 1 138720 139153
1 0,0 543 0 133032 133465
2 5 544 0 127690 127927
6 2,2 545 1 190329 190521
3 5,1,0 546 1 184391 184816
8 5,0 547 1 148975 149137
6 0,0 548 1 163797 164034
3 1,2 549 0 198057 198167
2 2 550 0 159545 159915
5 4,5 551 0 160286 160588
7 0,2,5 552 1 173306 173414
1 4 553 1 155957 156207
5 3,0,2 554 1 100283 100782
8 3,5,2 555 1 149893 150114
6 2,0 556 1 191635 191947
8 4,2 557 0 106002 106018
6 1 558 0 160122 160533
3 3 559 1 102618 102914
4 1 560 0 103548 103663
0 2 561 1 195448 195553
2 1 562 1 195458 195628
9 2,0 563 0 132127 132498
6 3,4,1 564 0 184760 185213
2 2,5,2 565 0 146712 146766
9 4,1 566 0 189077 189200
8 3,1 567 0 191269 191752
2 3 568 1 131834 132224
3 3,3 569 1 164470 164608
5 3,0,0 570 0 161944 162372
2 4,4,4 571 1 186685 187178
7 3 572 0 189363 189466
8 1,0,2 573 1 112686 113028
4 0,0,0 574 0 137396 137628
6 1,1 575 1 176096 176298
4 2,0 576 1 134641 134950
4 5 577 1 168553 168657
2 0 578 0 196662 197147
9 0 579 1 179191 179651
6 3 580 1 147528 147802
7 3,5 581 1 131125 131405
9 0,4 582 1 102327 102424
6 1 583 1 172408 172410
1 3 584 1 175833 175941
5 3 585 0 196998 197167
6 3,3,1 586 0 104868 105047
7 2,4 587 0 193187 193537
4 2,5,0 588 0 157916 158367
5 0 589 1 190066 190202
6 4,0,5 590 0 107243 107369
9 2 591 0 189304 189622
4 5 592 1 100653 101146
7 1,2 593 1 145358 145776
7 0 594 1 172007 172094
8 3 595 0 158635 158924
0 2 596 1 128378 128688
0 2 597 0 177801 178066
5 3,5,3 598 1 113463 113745
0 0,3 599 1 155117 155597
8 1,5,2 600 0 169506 169902
0 4 601 0 115671 115872
0 3,5 602 1 147376 147433
7 5,5 603 0 111643 111917
1 2,3 604 0 135184 135285
2 4,5,4 605 0 193492 193900
4 4 606 0 128690 129013
3 0,5 607 1 175783 175893
8 3,0,3 608 0 188347 188529
9 2 609 0 193849 194166
2 1 610 1 194029 194520
4 0,1,0 611 1 105397 105604
7 1 612 0 180022 180254
3 0,1 613 1 154184 154298
5 2 614 1 184144 184236
7 3,1 615 0 146594 146851
7 3,3,1 616 0 113540 114003
7 1,2 617 0 188088 188194
6 1 618 0 148646 149122
1 2,2 619 0 161901 162054
8 4,4 620 0 122390 122692
1 1 621 0 106416 106513
2 2,0 622 1 163028 163336
6 4,4,1 623 0 126937 127045
3 2,0 624 1 113633 113916
6 1,5,2 625 0 100007 100360
7 2,3,3 626 1 167631 167697
1 2 627 1 179228 179526
5 4,1 628 1 196347 196354
7 5,2,3 629 1 103380 103484
7 5,5 630 0 166957 167394
6 0,5 631 0 168538 168732
5 4 632 0 136937 137289
4 2,5,5 633 1 140952 141340
6 5,5,4 634 0 134230 134482
6 1 635 0 129810 130226
5 4,0 636 1 110690 111093
6 2,4 637 0 141290 141503
4 2 638 0 116627 116663
4 2,4 639 1 183239 183431
5 0,4,2 640 1 120830 121313
0 3,2,0 641 1 179371 179668
3 5 642 0 183109 183138
1 1,5,2 643 0 128824 128856
0 4,5 644 1 136710 136767
9 4 645 1 149100 149114
6 2,0,1 646 1 162423 162465
8 3,2,2 647 0 147008 147329
4 5,3,0 648 0 156925 156945
9 3 649 1 186555 187053
9 0 650 0 136737 136897
3 5 651 0 180188 180453
8 1,5,2 652 1 114136 114279
6 2 653 1 165785 165830
0 5,3,0 654 1 125602 125760
0 3,2,0 655 0 115911 116203
4 0,2 656 0 128136 128241
7 0,0 657 1 113909 114043
5 2 658 1 143874 143930
9 2,2 659 1 156445 156733
5 4,4 660 1 175153 175388
5 1 661 1 157061 157211
6 2,5 662 0 197557 198012
3 1 663 1 134700 135123
0 5 664 0 189385 189437
4 3,0 665 0 155902 156002
0 0,2 666 1 197135 197397
4 5,2 667 0 154042 154140
9 2,4 668 1 113892 114138
3 3,5 669 1 156116 156610
3 0 670 0 124368 124654
4 0 671 0 130570 131033
3 0 672 1 162055 162136
8 0 673 1 144829 144910
1 0,4,3 674 1 163199 163316
3 4,1,3 675 0 101268 101743
6 0,1,4 676 1 170729 170885
0 5 677 0 168447 168559
8 2,2,1 678 1 102852 102993
1 3,4 679 1 185347 185747
3 5 680 1 126508 126623
8 5 681 0 192836 193072
5 0,5 682 1 173087 173549
9 3,1 683 1 106614 106814
1 2 684 1 170928 171098
3 3 685 1 138781 138961
5 2,0 686 1 110373 110614
8 2,2,1 687 0 180672 180739
2 3,2,4 688 1 193379 193617
0 3 689 1 108192 108573
5 3,1,4 690 0 114429 114902
7 5,3 691 1 165364 165504
5 4 692 1 115073 115359
8 0 693 0 105707 106058
4 4,3,5 694 0 154056 154057
5 0 695 1 117216 117431
5 4,4,5 696 0 110166 110328
2 0 697 1 130082 130366
6 1,4 698 1 111936 112275
5 2 699 0 191163 191197
1 0,3,2 700 1 132661 133058
3 0,3,3 701 1 184453 184940
3 2,4,4 702 0 165344 165625
3 2,2 703 0 168380 168773
7 2 704 0 132808 133076
6 5,3,3 705 0 156044 156334
6 0,1,3 706 1 174052 174409
0 4,1,2 707 0 165949 166432
2 3,4 708 0 103212 103494
2 5,2 709 0 188073 188344
1 2 710 1 147706 148034
4 5,1,5 711 0 162033 162377
3 0,5,1 712 1 127187 127674
3 3,3 713 1 122051 122485
4 5,1,0 714 0 188761 188875
6 1,1,1 715 0 144151 144502
6 0,0,0 716 0 101270 101465
1 2,5,2 717 0 148490 148950
8 0 718 0 169184 169500
4 0 719 0 149348 149542
5 4 720 0 128512 128527
5 2 721 1 162364 162409
1 0 722 1 169557 169978
1 1,1,3 723 0 152728 153000
8 3,3,3 724 1 186751 186908
5 3 725 1 156851 157312
3 0 726 0 117443 117479
1 4 727 1 100270 100357
0 4,4 728 0 174608 174829
1 2,3 729 1 157353 157744
1 3,2 730 1 142647 143104
8 2,4,1 731 0 118603 118989
3 0 732 0 130369 130379
4 1,0,0 733 0 141892 142054
0 0 734 1 197566 197610
2 2,1 735 0 115936 116210
2 1 736 1 111717 111733
5 2,1 737 1 123094 123409
0 4,3,3 738 1 111580 111749
4 4,0,5 739 0 170871 170914
1 2 740 1 186355 186757
9 3,4,3 741 0 194829 194926
3 3,4,3 742 1 199245 199257
0 0,4 743 1 124828 125286
7 2 744 1 196438 196759
2 3 745 0 126590 126875
7 5,4,5 746 0 168816 169039
1 0,4 747 1 189176 189514
5 5,5 748 0 174766 174931
4 3,3,2 749 1 132805 133206
3 0,0 750 1 103489 103966
2 0,1 751 0 103477 103703
0 3,5,2 752 1 113544 113953
4 5,5,4 753 0 169893 170025
4 0 754 0 191704 191964
3 5,1,4 755 1 119935 120371
9 0,2,3 756 0 195243 195471
8 3 757 1 174494 174948
7 3,1,4 758 1 198733 199082
0 0,5 759 1 165310 165425
7 1,2,2 760 0 184437 184684
6 1,1,1 761 1 165406 165662
6 0 762 0 111706 111789
9 2,2 763 1 102607 102779
5 5 764 1 135869 135915
8 1,1,3 765 0 185709 186051
5 1,2 766 1 125562 125909
7 5 767 1 132709 132819
4 5,1,3 768 0 152967 153453
7 5,3,1 769 1 124640 125044
9 1 770 1 110070 110507
1 0,4,1 771 0 143522 143814
0 3,5,2 772 1 152365 152594
7 2,5 773 0 184014 184195
7 4,0 774 0 190670 191055
6 0,0,5 775 1 188458 188841
0 5,4,2 776 0 160449 160895
0 3,4,2 777 1 174050 174191
4 5,1,3 778 0 128706 129194
3 3,0 779 1 122808 123202
4 4,0 780 0 120136 120302
7 1,1,4 781 0 144089 144185
1 5,1,4 782 1 134053 134290
6 3,2,5 783 1 106663 106730
2 3,5,1 784 1 162731 162873
6 0 785 0 105366 105621
4 4 786 0 131243 131714
9 0 787 1 172585 172789
6 2,1 788 1 198791 198998
1 5,0,5 789 1 172054 172170
2 0 790 0 142445 142924
6 3,4 791 1 113151 113406
0 3,1,2 792 1 179844 180031
1 1,2 793 1 162445 162554
9 1,2,2 794 0 190294 190634
3 5,2,2 795 1 116491 116852
0 3 796 1 148231 148667
6 3,4,2 797 1 106448 106711
8 2 798 0 163081 163239
9 3,4 799 1 149997 150172
8 5,0,4 800 0 137878 138089
5 2,3,4 801 0 133941 134410
6 4 802 1 108738 109007
0 0,5,2 803 1 162078 162573
7 3,1 804 0 167261 167435
3 0,5 805 1 181772 181823
3 1,0 806 0 184395 184572
5 0 807 0 158852 159251
5 2 808 1 198557 198762
8 3,0,4 809 1 113636 113779
4 1 810 0 114000 114272
0 1,3,2 811 0 194048 194464
6 3,5,3 812 1 168956 169358
3 0 813 0 119519 119949
5 5,3 814 1 126869 127113
5 4 815 1 120375 120840
0 3 816 1 118841 118980
7 3,3,4 817 0 126382 126795
8 0,4 818 1 174995 175000
5 3 819 0 145741 145900
6 3,4 820 0 192969 193197
4 3 821 1 149358 149583
9 1,2 822 1 161081 161086
1 2,0 823 1 142735 143142
2 0,2 824 0 192671 193020
8 5,0 825 1 149619 150057
4 1 826 0 174892 174926
2 2,2 827 0 159926 160043
7 3 828 1 117674 117939
6 5,5,4 829 1 121266 121460
7 0,5,4 830 0 124157 124225
1 0 831 1 126375 126409
3 0,1 832 1 134873 135034
8 5,5 833 0 150231 150256
9 3,5 834 1 125186 125235
1 4,5 835 1 125146 125356
2 0,2,0 836 0 178223 178369
1 2,3,3 837 1 150827 151040
5 1 838 1 117588 117719
9 4,5,0 839 1 145951 146436
1 1,2,2 840 0 106055 106099
6 0,3 841 0 113924 114013
5 3,5 842 1 125471 125618
0 5,4,5 843 1 113215 113377
3 0,2 844 1 165473 165972
3 5,1,2 845 0 138389 138774
1 1 846 1 156022 156254
3 5,0,1 847 1 151432 151478
1 4,0,5 848 1 175807 176189
4 0 849 0 198520 198953
8 0,3 850 0 108123 108475
1 3,5 851 0 168005 168412
9 2,0,3 852 1 179433 179757
8 5,3 853 0 134953 135113
9 1,0,2 854 0 185923 186144
4 3 855 0 139001 139195
4 4,2,4 856 0 189705 189949
4 1 857 1 180680 181162
6 3,5 858 1 195596 195678
5 3,5 859 0 168015 168060
1 2,5 860 0 124988 125436
5 2,1,4 861 1 180684 180873
6 1 862 0 135455 135743
8 4,1 863 1 110813 111270
7 1 864 0 154664 154923
4 0,1,3 865 0 145377 145834
1 1,1,0 866 1 165084 165396
9 2,2 867 0 138398 138421
7 5,0 868 0 106522 106538
0 1 869 1 160968 160996
9 4 870 0 131541 131869
9 0,0 871 0 115951 116363
1 0,2 872 1 195710 195945
5 2,4 873 1 112115 112224
0 1,4,5 874 1 194757 195216
5 1,2 875 0 144339 144678
4 0,2 876 1 131213 131547
4 2,0 877 1 185153 185379
4 5,2 878 0 100188 100556
3 5,0 879 0 176841 177240
1 5,5,5 880 0 103933 104291
0 1,1,1 881 1 151966 152241
9 5,2,0 882 0 178543 178602
5 4,3 883 1 137418 137755
1 4 884 1 111813 111823
1 3,5,5 885 0 114923 115126
3 0,3 886 1 142096 142469
5 1 887 1 154874 154881
9 3,4 888 0 196262 196276
9 1,0,2 889 0 149594 150083
0 0 890 1 157144 157162
9 5,5 891 1 135293 135562
7 1,2,4 892 1 130160 130434
9 3,2 893 1 123059 123433
0 2 894 0 117175 117184
9 0,3,2 895 1 148947 149387
5 4 896 1 162407 162506
1 4 897 1 157687 158128
2 2,3 898 0 170274 170726
2 4,4,3 899 0 142183 142557
5 1 900 1 135355 135837
7 0 901 0 142934 143255
7 3 902 1 141917 142386
9 0,0,1 903 1 198147 198164
3 2 904 1 155895 156114
9 1 905 1 115915 116192
4 5,5,4 906 1 177623 177870
4 1,1 907 0 168159 168596
7 0,0,2 908 0 146621 147081
4 1,1 909 0 124056 124096
9 4,5 910 1 113245 113444
3 0,0,4 911 0 119826 120170
5 4,4,1 912 1 172786 172897
6 5,4,4 913 0 125094 125271
8 0,3,4 914 1 108309 108463
8 3,0,3 915 0 153925 154121
7 5,5 916 1 161117 161350
5 3,3,5 917 0 123535 123811
0 2,3 918 1 147304 147589
6 1,3 919 0 173865 174152
0 0 920 1 138855 139279
0 2,2 921 0 153751 153801
5 3 922 0 183722 184044
4 4 923 1 183440 183665
2 5 924 0 181585 181763
2 1,2 925 0 152253 152307
9 2,1,1 926 1 183292 183342
6 4,2 927 1 157516 157728
3 0 928 1 136536 136727
7 0,0 929 0 107695 108094
7 5,1,5 930 1 114971 115172
9 0 931 0 115437 115452
4 0 932 0 168494 168673
2 2,5 933 0 185041 185262
0 5,3 934 1 198626 198693
6 1,3 935 0 146917 147275
9 3,1 936 0 179910 180212
4 2,1 937 0 189999 190064
5 3,0 938 0 174155 174586
4 5,1 939 1 120098 120301
9 0 940 1 141983 142111
8 5 941 0 192496 192847
0 4,4 942 0 163775 163869
1 4 943 0 181952 182354
7 3,1 944 0 167808 168066
0 3,2,2 945 0 184248 184293
8 3,4 946 1 117354 117438
7 5,0,5 947 1 119323 119713
8 3,3,5 948 1 155338 155454
3 5,5,1 949 1 112408 112704
0 2,3,0 950 0 168110 168375
5 1,5,3 951 1 137356 137433
8 3,0,4 952 1 199217 199421
1 5 953 0 148227 148487
8 0 954 0 110338 110584
4 0 955 1 180410 180655
1 0 956 1 174281 174597
7 3,1 957 0 177826 178099
5 1,3,3 958 1 175428 175694
0 0 959 1 111193 111216
4 1 960 1 127723 128170
5 5,3 961 0 154612 154620
8 3 962 1 129394 129565
2 1,5 963 1 150569 150806
4 4,0 964 1 172738 172806
7 0 965 0 116954 117330
5 2,1,2 966 0 159128 159234
8 0,4,1 967 1 121885 122125
2 2 968 0 169297 169508
6 2 969 1 112836 113174
5 4,3 970 1 168306 168551
0 4,0,1 971 0 156603 156874
6 3 972 1 138020 138199
7 5 973 1 179252 179435
4 4,0,2 974 0 164893 165027
8 5,2,3 975 1 158954 159134
6 0,4 976 0 177455 177853
8 5,2 977 1 146503 146892
1 3 978 1 100657 100962
3 5 979 0 163040 163340
8 1,3 980 0 189844 189986
8 2,2 981 0 115885 116385
5 3 982 1 146497 146941
5 1 983 0 165932 165977
6 4,3,3 984 1 169339 169625
6 3,0 985 0 194994 195192
0 5,3,1 986 1 198846 199086
0 2 987 0 125493 125786
0 0,1 988 0 140026 140141
3 5 989 0 130156 130165
5 2,1,3 990 1 116873 117152
1 1,3 991 0 179269 179403
3 1 992 1 187418 187679
3 3,1,4 993 1 141882 141951
1 1,3,4 994 0 144135 144334
9 5,3 995 1 141046 141136
7 0 996 0 181772 181806
3 3,1,1 997 0 102549 103019
3 5,1 998 1 176290 176428
4 0 999 0 189048 189280
